model	train_study	test_study	data_type	roc_auc	accuracy	recall	f1_score	ppv	npv	random_state	n_train_studies
LBGM	['ThomasAM_2018a']	VogtmannE_2016	subspecies	0.5617603550295859	0.5288461538461539	0.8461538461538461	0.6423357664233578	0.8461538461538461	0.21153846153846154	random_state	1
LBGM	['ThomasAM_2018a']	VogtmannE_2016	subspecies	0.5617603550295859	0.5288461538461539	0.8461538461538461	0.6423357664233578	0.8461538461538461	0.21153846153846154	random_state	1
LBGM	['ThomasAM_2018a']	VogtmannE_2016	subspecies	0.5617603550295859	0.5288461538461539	0.8461538461538461	0.6423357664233578	0.8461538461538461	0.21153846153846154	random_state	1
LBGM	['YuJ_2015']	VogtmannE_2016	subspecies	0.6808431952662722	0.625	0.6346153846153846	0.6285714285714284	0.6346153846153846	0.6153846153846154	random_state	1
LBGM	['YuJ_2015']	VogtmannE_2016	subspecies	0.6808431952662722	0.625	0.6346153846153846	0.6285714285714284	0.6346153846153846	0.6153846153846154	random_state	1
LBGM	['YuJ_2015']	VogtmannE_2016	subspecies	0.6808431952662722	0.625	0.6346153846153846	0.6285714285714284	0.6346153846153846	0.6153846153846154	random_state	1
LBGM	['FengQ_2015']	VogtmannE_2016	subspecies	0.5902366863905325	0.5480769230769231	0.8076923076923077	0.6412213740458015	0.8076923076923077	0.28846153846153844	random_state	1
LBGM	['FengQ_2015']	VogtmannE_2016	subspecies	0.5902366863905325	0.5480769230769231	0.8076923076923077	0.6412213740458015	0.8076923076923077	0.28846153846153844	random_state	1
LBGM	['FengQ_2015']	VogtmannE_2016	subspecies	0.5902366863905325	0.5480769230769231	0.8076923076923077	0.6412213740458015	0.8076923076923077	0.28846153846153844	random_state	1
LBGM	['YachidaS_2019']	VogtmannE_2016	subspecies	0.588387573964497	0.5769230769230769	0.5	0.5416666666666667	0.5	0.6538461538461539	random_state	1
LBGM	['YachidaS_2019']	VogtmannE_2016	subspecies	0.588387573964497	0.5769230769230769	0.5	0.5416666666666667	0.5	0.6538461538461539	random_state	1
LBGM	['YachidaS_2019']	VogtmannE_2016	subspecies	0.588387573964497	0.5769230769230769	0.5	0.5416666666666667	0.5	0.6538461538461539	random_state	1
LBGM	['ZellerG_2014']	VogtmannE_2016	subspecies	0.6704881656804734	0.6346153846153846	0.7115384615384616	0.6607142857142857	0.7115384615384616	0.5576923076923077	random_state	1
LBGM	['ZellerG_2014']	VogtmannE_2016	subspecies	0.6704881656804734	0.6346153846153846	0.7115384615384616	0.6607142857142857	0.7115384615384616	0.5576923076923077	random_state	1
LBGM	['ZellerG_2014']	VogtmannE_2016	subspecies	0.6704881656804734	0.6346153846153846	0.7115384615384616	0.6607142857142857	0.7115384615384616	0.5576923076923077	random_state	1
LBGM	['WirbelJ_2018']	VogtmannE_2016	subspecies	0.6079881656804734	0.5961538461538461	0.3269230769230769	0.4473684210526316	0.3269230769230769	0.8653846153846154	random_state	1
LBGM	['WirbelJ_2018']	VogtmannE_2016	subspecies	0.6079881656804734	0.5961538461538461	0.3269230769230769	0.4473684210526316	0.3269230769230769	0.8653846153846154	random_state	1
LBGM	['WirbelJ_2018']	VogtmannE_2016	subspecies	0.6079881656804734	0.5961538461538461	0.3269230769230769	0.4473684210526316	0.3269230769230769	0.8653846153846154	random_state	1
LBGM	['ThomasAM_2018a', 'YuJ_2015']	VogtmannE_2016	subspecies	0.7082100591715976	0.6923076923076923	0.6538461538461539	0.68	0.6538461538461539	0.7307692307692307	random_state	2
LBGM	['ThomasAM_2018a', 'YuJ_2015']	VogtmannE_2016	subspecies	0.7082100591715976	0.6923076923076923	0.6538461538461539	0.68	0.6538461538461539	0.7307692307692307	random_state	2
LBGM	['ThomasAM_2018a', 'YuJ_2015']	VogtmannE_2016	subspecies	0.7082100591715976	0.6923076923076923	0.6538461538461539	0.68	0.6538461538461539	0.7307692307692307	random_state	2
LBGM	['ThomasAM_2018a', 'FengQ_2015']	VogtmannE_2016	subspecies	0.6013313609467456	0.5576923076923077	0.8269230769230769	0.6515151515151516	0.8269230769230769	0.28846153846153844	random_state	2
LBGM	['ThomasAM_2018a', 'FengQ_2015']	VogtmannE_2016	subspecies	0.6013313609467456	0.5576923076923077	0.8269230769230769	0.6515151515151516	0.8269230769230769	0.28846153846153844	random_state	2
LBGM	['ThomasAM_2018a', 'FengQ_2015']	VogtmannE_2016	subspecies	0.6013313609467456	0.5576923076923077	0.8269230769230769	0.6515151515151516	0.8269230769230769	0.28846153846153844	random_state	2
LBGM	['ThomasAM_2018a', 'YachidaS_2019']	VogtmannE_2016	subspecies	0.6741863905325444	0.6923076923076923	0.5576923076923077	0.6444444444444444	0.5576923076923077	0.8269230769230769	random_state	2
LBGM	['ThomasAM_2018a', 'YachidaS_2019']	VogtmannE_2016	subspecies	0.6741863905325444	0.6923076923076923	0.5576923076923077	0.6444444444444444	0.5576923076923077	0.8269230769230769	random_state	2
LBGM	['ThomasAM_2018a', 'YachidaS_2019']	VogtmannE_2016	subspecies	0.6741863905325444	0.6923076923076923	0.5576923076923077	0.6444444444444444	0.5576923076923077	0.8269230769230769	random_state	2
LBGM	['ThomasAM_2018a', 'ZellerG_2014']	VogtmannE_2016	subspecies	0.7067307692307693	0.6826923076923077	0.5961538461538461	0.6526315789473683	0.5961538461538461	0.7692307692307693	random_state	2
LBGM	['ThomasAM_2018a', 'ZellerG_2014']	VogtmannE_2016	subspecies	0.7067307692307693	0.6826923076923077	0.5961538461538461	0.6526315789473683	0.5961538461538461	0.7692307692307693	random_state	2
LBGM	['ThomasAM_2018a', 'ZellerG_2014']	VogtmannE_2016	subspecies	0.7067307692307693	0.6826923076923077	0.5961538461538461	0.6526315789473683	0.5961538461538461	0.7692307692307693	random_state	2
LBGM	['ThomasAM_2018a', 'WirbelJ_2018']	VogtmannE_2016	subspecies	0.6460798816568046	0.6346153846153846	0.4230769230769231	0.5365853658536585	0.4230769230769231	0.8461538461538461	random_state	2
LBGM	['ThomasAM_2018a', 'WirbelJ_2018']	VogtmannE_2016	subspecies	0.6460798816568046	0.6346153846153846	0.4230769230769231	0.5365853658536585	0.4230769230769231	0.8461538461538461	random_state	2
LBGM	['ThomasAM_2018a', 'WirbelJ_2018']	VogtmannE_2016	subspecies	0.6460798816568046	0.6346153846153846	0.4230769230769231	0.5365853658536585	0.4230769230769231	0.8461538461538461	random_state	2
LBGM	['YuJ_2015', 'FengQ_2015']	VogtmannE_2016	subspecies	0.672707100591716	0.5769230769230769	0.7307692307692307	0.6333333333333334	0.7307692307692307	0.4230769230769231	random_state	2
LBGM	['YuJ_2015', 'FengQ_2015']	VogtmannE_2016	subspecies	0.672707100591716	0.5769230769230769	0.7307692307692307	0.6333333333333334	0.7307692307692307	0.4230769230769231	random_state	2
LBGM	['YuJ_2015', 'FengQ_2015']	VogtmannE_2016	subspecies	0.672707100591716	0.5769230769230769	0.7307692307692307	0.6333333333333334	0.7307692307692307	0.4230769230769231	random_state	2
LBGM	['YuJ_2015', 'YachidaS_2019']	VogtmannE_2016	subspecies	0.6937869822485206	0.7019230769230769	0.46153846153846156	0.6075949367088607	0.46153846153846156	0.9423076923076923	random_state	2
LBGM	['YuJ_2015', 'YachidaS_2019']	VogtmannE_2016	subspecies	0.6937869822485206	0.7019230769230769	0.46153846153846156	0.6075949367088607	0.46153846153846156	0.9423076923076923	random_state	2
LBGM	['YuJ_2015', 'YachidaS_2019']	VogtmannE_2016	subspecies	0.6937869822485206	0.7019230769230769	0.46153846153846156	0.6075949367088607	0.46153846153846156	0.9423076923076923	random_state	2
LBGM	['YuJ_2015', 'ZellerG_2014']	VogtmannE_2016	subspecies	0.6216715976331361	0.5576923076923077	0.5192307692307693	0.54	0.5192307692307693	0.5961538461538461	random_state	2
LBGM	['YuJ_2015', 'ZellerG_2014']	VogtmannE_2016	subspecies	0.6216715976331361	0.5576923076923077	0.5192307692307693	0.54	0.5192307692307693	0.5961538461538461	random_state	2
LBGM	['YuJ_2015', 'ZellerG_2014']	VogtmannE_2016	subspecies	0.6216715976331361	0.5576923076923077	0.5192307692307693	0.54	0.5192307692307693	0.5961538461538461	random_state	2
LBGM	['YuJ_2015', 'WirbelJ_2018']	VogtmannE_2016	subspecies	0.6752958579881657	0.625	0.4423076923076923	0.5411764705882354	0.4423076923076923	0.8076923076923077	random_state	2
LBGM	['YuJ_2015', 'WirbelJ_2018']	VogtmannE_2016	subspecies	0.6752958579881657	0.625	0.4423076923076923	0.5411764705882354	0.4423076923076923	0.8076923076923077	random_state	2
LBGM	['YuJ_2015', 'WirbelJ_2018']	VogtmannE_2016	subspecies	0.6752958579881657	0.625	0.4423076923076923	0.5411764705882354	0.4423076923076923	0.8076923076923077	random_state	2
LBGM	['FengQ_2015', 'YachidaS_2019']	VogtmannE_2016	subspecies	0.6372041420118344	0.6057692307692307	0.5576923076923077	0.5858585858585859	0.5576923076923077	0.6538461538461539	random_state	2
LBGM	['FengQ_2015', 'YachidaS_2019']	VogtmannE_2016	subspecies	0.6372041420118344	0.6057692307692307	0.5576923076923077	0.5858585858585859	0.5576923076923077	0.6538461538461539	random_state	2
LBGM	['FengQ_2015', 'YachidaS_2019']	VogtmannE_2016	subspecies	0.6372041420118344	0.6057692307692307	0.5576923076923077	0.5858585858585859	0.5576923076923077	0.6538461538461539	random_state	2
LBGM	['FengQ_2015', 'ZellerG_2014']	VogtmannE_2016	subspecies	0.7185650887573966	0.6826923076923077	0.7692307692307693	0.7079646017699115	0.7692307692307693	0.5961538461538461	random_state	2
LBGM	['FengQ_2015', 'ZellerG_2014']	VogtmannE_2016	subspecies	0.7185650887573966	0.6826923076923077	0.7692307692307693	0.7079646017699115	0.7692307692307693	0.5961538461538461	random_state	2
LBGM	['FengQ_2015', 'ZellerG_2014']	VogtmannE_2016	subspecies	0.7185650887573966	0.6826923076923077	0.7692307692307693	0.7079646017699115	0.7692307692307693	0.5961538461538461	random_state	2
LBGM	['FengQ_2015', 'WirbelJ_2018']	VogtmannE_2016	subspecies	0.6560650887573964	0.6057692307692307	0.28846153846153844	0.42253521126760557	0.28846153846153844	0.9230769230769231	random_state	2
LBGM	['FengQ_2015', 'WirbelJ_2018']	VogtmannE_2016	subspecies	0.6560650887573964	0.6057692307692307	0.28846153846153844	0.42253521126760557	0.28846153846153844	0.9230769230769231	random_state	2
LBGM	['FengQ_2015', 'WirbelJ_2018']	VogtmannE_2016	subspecies	0.6560650887573964	0.6057692307692307	0.28846153846153844	0.42253521126760557	0.28846153846153844	0.9230769230769231	random_state	2
LBGM	['YachidaS_2019', 'ZellerG_2014']	VogtmannE_2016	subspecies	0.6667899408284024	0.625	0.4807692307692308	0.5617977528089887	0.4807692307692308	0.7692307692307693	random_state	2
LBGM	['YachidaS_2019', 'ZellerG_2014']	VogtmannE_2016	subspecies	0.6667899408284024	0.625	0.4807692307692308	0.5617977528089887	0.4807692307692308	0.7692307692307693	random_state	2
LBGM	['YachidaS_2019', 'ZellerG_2014']	VogtmannE_2016	subspecies	0.6667899408284024	0.625	0.4807692307692308	0.5617977528089887	0.4807692307692308	0.7692307692307693	random_state	2
LBGM	['YachidaS_2019', 'WirbelJ_2018']	VogtmannE_2016	subspecies	0.6623520710059171	0.6634615384615384	0.34615384615384615	0.5070422535211268	0.34615384615384615	0.9807692307692307	random_state	2
LBGM	['YachidaS_2019', 'WirbelJ_2018']	VogtmannE_2016	subspecies	0.6623520710059171	0.6634615384615384	0.34615384615384615	0.5070422535211268	0.34615384615384615	0.9807692307692307	random_state	2
LBGM	['YachidaS_2019', 'WirbelJ_2018']	VogtmannE_2016	subspecies	0.6623520710059171	0.6634615384615384	0.34615384615384615	0.5070422535211268	0.34615384615384615	0.9807692307692307	random_state	2
LBGM	['ZellerG_2014', 'WirbelJ_2018']	VogtmannE_2016	subspecies	0.6394230769230769	0.625	0.4230769230769231	0.5301204819277108	0.4230769230769231	0.8269230769230769	random_state	2
LBGM	['ZellerG_2014', 'WirbelJ_2018']	VogtmannE_2016	subspecies	0.6394230769230769	0.625	0.4230769230769231	0.5301204819277108	0.4230769230769231	0.8269230769230769	random_state	2
LBGM	['ZellerG_2014', 'WirbelJ_2018']	VogtmannE_2016	subspecies	0.6394230769230769	0.625	0.4230769230769231	0.5301204819277108	0.4230769230769231	0.8269230769230769	random_state	2
LBGM	['ThomasAM_2018a', 'YuJ_2015', 'FengQ_2015']	VogtmannE_2016	subspecies	0.7096893491124259	0.6442307692307693	0.5576923076923077	0.6105263157894736	0.5576923076923077	0.7307692307692307	random_state	3
LBGM	['ThomasAM_2018a', 'YuJ_2015', 'FengQ_2015']	VogtmannE_2016	subspecies	0.7096893491124259	0.6442307692307693	0.5576923076923077	0.6105263157894736	0.5576923076923077	0.7307692307692307	random_state	3
LBGM	['ThomasAM_2018a', 'YuJ_2015', 'FengQ_2015']	VogtmannE_2016	subspecies	0.7096893491124259	0.6442307692307693	0.5576923076923077	0.6105263157894736	0.5576923076923077	0.7307692307692307	random_state	3
LBGM	['ThomasAM_2018a', 'YuJ_2015', 'YachidaS_2019']	VogtmannE_2016	subspecies	0.6845414201183431	0.6730769230769231	0.4807692307692308	0.5952380952380952	0.4807692307692308	0.8653846153846154	random_state	3
LBGM	['ThomasAM_2018a', 'YuJ_2015', 'YachidaS_2019']	VogtmannE_2016	subspecies	0.6845414201183431	0.6730769230769231	0.4807692307692308	0.5952380952380952	0.4807692307692308	0.8653846153846154	random_state	3
LBGM	['ThomasAM_2018a', 'YuJ_2015', 'YachidaS_2019']	VogtmannE_2016	subspecies	0.6845414201183431	0.6730769230769231	0.4807692307692308	0.5952380952380952	0.4807692307692308	0.8653846153846154	random_state	3
LBGM	['ThomasAM_2018a', 'YuJ_2015', 'ZellerG_2014']	VogtmannE_2016	subspecies	0.6745562130177514	0.6442307692307693	0.5	0.5842696629213484	0.5	0.7884615384615384	random_state	3
LBGM	['ThomasAM_2018a', 'YuJ_2015', 'ZellerG_2014']	VogtmannE_2016	subspecies	0.6745562130177514	0.6442307692307693	0.5	0.5842696629213484	0.5	0.7884615384615384	random_state	3
LBGM	['ThomasAM_2018a', 'YuJ_2015', 'ZellerG_2014']	VogtmannE_2016	subspecies	0.6745562130177514	0.6442307692307693	0.5	0.5842696629213484	0.5	0.7884615384615384	random_state	3
LBGM	['ThomasAM_2018a', 'YuJ_2015', 'WirbelJ_2018']	VogtmannE_2016	subspecies	0.7255917159763313	0.6826923076923077	0.5192307692307693	0.6206896551724139	0.5192307692307693	0.8461538461538461	random_state	3
LBGM	['ThomasAM_2018a', 'YuJ_2015', 'WirbelJ_2018']	VogtmannE_2016	subspecies	0.7255917159763313	0.6826923076923077	0.5192307692307693	0.6206896551724139	0.5192307692307693	0.8461538461538461	random_state	3
LBGM	['ThomasAM_2018a', 'YuJ_2015', 'WirbelJ_2018']	VogtmannE_2016	subspecies	0.7255917159763313	0.6826923076923077	0.5192307692307693	0.6206896551724139	0.5192307692307693	0.8461538461538461	random_state	3
LBGM	['ThomasAM_2018a', 'FengQ_2015', 'YachidaS_2019']	VogtmannE_2016	subspecies	0.6775147928994083	0.5961538461538461	0.6923076923076923	0.631578947368421	0.6923076923076923	0.5	random_state	3
LBGM	['ThomasAM_2018a', 'FengQ_2015', 'YachidaS_2019']	VogtmannE_2016	subspecies	0.6775147928994083	0.5961538461538461	0.6923076923076923	0.631578947368421	0.6923076923076923	0.5	random_state	3
LBGM	['ThomasAM_2018a', 'FengQ_2015', 'YachidaS_2019']	VogtmannE_2016	subspecies	0.6775147928994083	0.5961538461538461	0.6923076923076923	0.631578947368421	0.6923076923076923	0.5	random_state	3
LBGM	['ThomasAM_2018a', 'FengQ_2015', 'ZellerG_2014']	VogtmannE_2016	subspecies	0.7204142011834319	0.6442307692307693	0.5192307692307693	0.5934065934065933	0.5192307692307693	0.7692307692307693	random_state	3
LBGM	['ThomasAM_2018a', 'FengQ_2015', 'ZellerG_2014']	VogtmannE_2016	subspecies	0.7204142011834319	0.6442307692307693	0.5192307692307693	0.5934065934065933	0.5192307692307693	0.7692307692307693	random_state	3
LBGM	['ThomasAM_2018a', 'FengQ_2015', 'ZellerG_2014']	VogtmannE_2016	subspecies	0.7204142011834319	0.6442307692307693	0.5192307692307693	0.5934065934065933	0.5192307692307693	0.7692307692307693	random_state	3
LBGM	['ThomasAM_2018a', 'FengQ_2015', 'WirbelJ_2018']	VogtmannE_2016	subspecies	0.6771449704142012	0.625	0.38461538461538464	0.5063291139240507	0.38461538461538464	0.8653846153846154	random_state	3
LBGM	['ThomasAM_2018a', 'FengQ_2015', 'WirbelJ_2018']	VogtmannE_2016	subspecies	0.6771449704142012	0.625	0.38461538461538464	0.5063291139240507	0.38461538461538464	0.8653846153846154	random_state	3
LBGM	['ThomasAM_2018a', 'FengQ_2015', 'WirbelJ_2018']	VogtmannE_2016	subspecies	0.6771449704142012	0.625	0.38461538461538464	0.5063291139240507	0.38461538461538464	0.8653846153846154	random_state	3
LBGM	['ThomasAM_2018a', 'YachidaS_2019', 'ZellerG_2014']	VogtmannE_2016	subspecies	0.6446005917159764	0.6346153846153846	0.5	0.5777777777777778	0.5	0.7692307692307693	random_state	3
LBGM	['ThomasAM_2018a', 'YachidaS_2019', 'ZellerG_2014']	VogtmannE_2016	subspecies	0.6446005917159764	0.6346153846153846	0.5	0.5777777777777778	0.5	0.7692307692307693	random_state	3
LBGM	['ThomasAM_2018a', 'YachidaS_2019', 'ZellerG_2014']	VogtmannE_2016	subspecies	0.6446005917159764	0.6346153846153846	0.5	0.5777777777777778	0.5	0.7692307692307693	random_state	3
LBGM	['ThomasAM_2018a', 'YachidaS_2019', 'WirbelJ_2018']	VogtmannE_2016	subspecies	0.6937869822485206	0.6634615384615384	0.40384615384615385	0.5454545454545454	0.40384615384615385	0.9230769230769231	random_state	3
LBGM	['ThomasAM_2018a', 'YachidaS_2019', 'WirbelJ_2018']	VogtmannE_2016	subspecies	0.6937869822485206	0.6634615384615384	0.40384615384615385	0.5454545454545454	0.40384615384615385	0.9230769230769231	random_state	3
LBGM	['ThomasAM_2018a', 'YachidaS_2019', 'WirbelJ_2018']	VogtmannE_2016	subspecies	0.6937869822485206	0.6634615384615384	0.40384615384615385	0.5454545454545454	0.40384615384615385	0.9230769230769231	random_state	3
LBGM	['ThomasAM_2018a', 'ZellerG_2014', 'WirbelJ_2018']	VogtmannE_2016	subspecies	0.6420118343195267	0.5961538461538461	0.3076923076923077	0.43243243243243246	0.3076923076923077	0.8846153846153846	random_state	3
LBGM	['ThomasAM_2018a', 'ZellerG_2014', 'WirbelJ_2018']	VogtmannE_2016	subspecies	0.6420118343195267	0.5961538461538461	0.3076923076923077	0.43243243243243246	0.3076923076923077	0.8846153846153846	random_state	3
LBGM	['ThomasAM_2018a', 'ZellerG_2014', 'WirbelJ_2018']	VogtmannE_2016	subspecies	0.6420118343195267	0.5961538461538461	0.3076923076923077	0.43243243243243246	0.3076923076923077	0.8846153846153846	random_state	3
LBGM	['YuJ_2015', 'FengQ_2015', 'YachidaS_2019']	VogtmannE_2016	subspecies	0.6357248520710058	0.6442307692307693	0.5192307692307693	0.5934065934065933	0.5192307692307693	0.7692307692307693	random_state	3
LBGM	['YuJ_2015', 'FengQ_2015', 'YachidaS_2019']	VogtmannE_2016	subspecies	0.6357248520710058	0.6442307692307693	0.5192307692307693	0.5934065934065933	0.5192307692307693	0.7692307692307693	random_state	3
LBGM	['YuJ_2015', 'FengQ_2015', 'YachidaS_2019']	VogtmannE_2016	subspecies	0.6357248520710058	0.6442307692307693	0.5192307692307693	0.5934065934065933	0.5192307692307693	0.7692307692307693	random_state	3
LBGM	['YuJ_2015', 'FengQ_2015', 'ZellerG_2014']	VogtmannE_2016	subspecies	0.6560650887573964	0.5961538461538461	0.5192307692307693	0.5625	0.5192307692307693	0.6730769230769231	random_state	3
LBGM	['YuJ_2015', 'FengQ_2015', 'ZellerG_2014']	VogtmannE_2016	subspecies	0.6560650887573964	0.5961538461538461	0.5192307692307693	0.5625	0.5192307692307693	0.6730769230769231	random_state	3
LBGM	['YuJ_2015', 'FengQ_2015', 'ZellerG_2014']	VogtmannE_2016	subspecies	0.6560650887573964	0.5961538461538461	0.5192307692307693	0.5625	0.5192307692307693	0.6730769230769231	random_state	3
LBGM	['YuJ_2015', 'FengQ_2015', 'WirbelJ_2018']	VogtmannE_2016	subspecies	0.6715976331360948	0.6538461538461539	0.46153846153846156	0.5714285714285714	0.46153846153846156	0.8461538461538461	random_state	3
LBGM	['YuJ_2015', 'FengQ_2015', 'WirbelJ_2018']	VogtmannE_2016	subspecies	0.6715976331360948	0.6538461538461539	0.46153846153846156	0.5714285714285714	0.46153846153846156	0.8461538461538461	random_state	3
LBGM	['YuJ_2015', 'FengQ_2015', 'WirbelJ_2018']	VogtmannE_2016	subspecies	0.6715976331360948	0.6538461538461539	0.46153846153846156	0.5714285714285714	0.46153846153846156	0.8461538461538461	random_state	3
LBGM	['YuJ_2015', 'YachidaS_2019', 'ZellerG_2014']	VogtmannE_2016	subspecies	0.673076923076923	0.6826923076923077	0.5	0.6117647058823529	0.5	0.8653846153846154	random_state	3
LBGM	['YuJ_2015', 'YachidaS_2019', 'ZellerG_2014']	VogtmannE_2016	subspecies	0.673076923076923	0.6826923076923077	0.5	0.6117647058823529	0.5	0.8653846153846154	random_state	3
LBGM	['YuJ_2015', 'YachidaS_2019', 'ZellerG_2014']	VogtmannE_2016	subspecies	0.673076923076923	0.6826923076923077	0.5	0.6117647058823529	0.5	0.8653846153846154	random_state	3
LBGM	['YuJ_2015', 'YachidaS_2019', 'WirbelJ_2018']	VogtmannE_2016	subspecies	0.6638313609467456	0.6346153846153846	0.3269230769230769	0.4722222222222222	0.3269230769230769	0.9423076923076923	random_state	3
LBGM	['YuJ_2015', 'YachidaS_2019', 'WirbelJ_2018']	VogtmannE_2016	subspecies	0.6638313609467456	0.6346153846153846	0.3269230769230769	0.4722222222222222	0.3269230769230769	0.9423076923076923	random_state	3
LBGM	['YuJ_2015', 'YachidaS_2019', 'WirbelJ_2018']	VogtmannE_2016	subspecies	0.6638313609467456	0.6346153846153846	0.3269230769230769	0.4722222222222222	0.3269230769230769	0.9423076923076923	random_state	3
LBGM	['YuJ_2015', 'ZellerG_2014', 'WirbelJ_2018']	VogtmannE_2016	subspecies	0.643860946745562	0.6153846153846154	0.46153846153846156	0.5454545454545455	0.46153846153846156	0.7692307692307693	random_state	3
LBGM	['YuJ_2015', 'ZellerG_2014', 'WirbelJ_2018']	VogtmannE_2016	subspecies	0.643860946745562	0.6153846153846154	0.46153846153846156	0.5454545454545455	0.46153846153846156	0.7692307692307693	random_state	3
LBGM	['YuJ_2015', 'ZellerG_2014', 'WirbelJ_2018']	VogtmannE_2016	subspecies	0.643860946745562	0.6153846153846154	0.46153846153846156	0.5454545454545455	0.46153846153846156	0.7692307692307693	random_state	3
LBGM	['FengQ_2015', 'YachidaS_2019', 'ZellerG_2014']	VogtmannE_2016	subspecies	0.646819526627219	0.6346153846153846	0.5576923076923077	0.6041666666666667	0.5576923076923077	0.7115384615384616	random_state	3
LBGM	['FengQ_2015', 'YachidaS_2019', 'ZellerG_2014']	VogtmannE_2016	subspecies	0.646819526627219	0.6346153846153846	0.5576923076923077	0.6041666666666667	0.5576923076923077	0.7115384615384616	random_state	3
LBGM	['FengQ_2015', 'YachidaS_2019', 'ZellerG_2014']	VogtmannE_2016	subspecies	0.646819526627219	0.6346153846153846	0.5576923076923077	0.6041666666666667	0.5576923076923077	0.7115384615384616	random_state	3
LBGM	['FengQ_2015', 'YachidaS_2019', 'WirbelJ_2018']	VogtmannE_2016	subspecies	0.6083579881656804	0.6730769230769231	0.46153846153846156	0.5853658536585367	0.46153846153846156	0.8846153846153846	random_state	3
LBGM	['FengQ_2015', 'YachidaS_2019', 'WirbelJ_2018']	VogtmannE_2016	subspecies	0.6083579881656804	0.6730769230769231	0.46153846153846156	0.5853658536585367	0.46153846153846156	0.8846153846153846	random_state	3
LBGM	['FengQ_2015', 'YachidaS_2019', 'WirbelJ_2018']	VogtmannE_2016	subspecies	0.6083579881656804	0.6730769230769231	0.46153846153846156	0.5853658536585367	0.46153846153846156	0.8846153846153846	random_state	3
LBGM	['FengQ_2015', 'ZellerG_2014', 'WirbelJ_2018']	VogtmannE_2016	subspecies	0.6597633136094675	0.6730769230769231	0.5	0.6046511627906976	0.5	0.8461538461538461	random_state	3
LBGM	['FengQ_2015', 'ZellerG_2014', 'WirbelJ_2018']	VogtmannE_2016	subspecies	0.6597633136094675	0.6730769230769231	0.5	0.6046511627906976	0.5	0.8461538461538461	random_state	3
LBGM	['FengQ_2015', 'ZellerG_2014', 'WirbelJ_2018']	VogtmannE_2016	subspecies	0.6597633136094675	0.6730769230769231	0.5	0.6046511627906976	0.5	0.8461538461538461	random_state	3
LBGM	['YachidaS_2019', 'ZellerG_2014', 'WirbelJ_2018']	VogtmannE_2016	subspecies	0.6749260355029585	0.6538461538461539	0.38461538461538464	0.5263157894736842	0.38461538461538464	0.9230769230769231	random_state	3
LBGM	['YachidaS_2019', 'ZellerG_2014', 'WirbelJ_2018']	VogtmannE_2016	subspecies	0.6749260355029585	0.6538461538461539	0.38461538461538464	0.5263157894736842	0.38461538461538464	0.9230769230769231	random_state	3
LBGM	['YachidaS_2019', 'ZellerG_2014', 'WirbelJ_2018']	VogtmannE_2016	subspecies	0.6749260355029585	0.6538461538461539	0.38461538461538464	0.5263157894736842	0.38461538461538464	0.9230769230769231	random_state	3
LBGM	['ThomasAM_2018a', 'YuJ_2015', 'FengQ_2015', 'YachidaS_2019']	VogtmannE_2016	subspecies	0.6660502958579881	0.5961538461538461	0.5769230769230769	0.5882352941176471	0.5769230769230769	0.6153846153846154	random_state	4
LBGM	['ThomasAM_2018a', 'YuJ_2015', 'FengQ_2015', 'YachidaS_2019']	VogtmannE_2016	subspecies	0.6660502958579881	0.5961538461538461	0.5769230769230769	0.5882352941176471	0.5769230769230769	0.6153846153846154	random_state	4
LBGM	['ThomasAM_2018a', 'YuJ_2015', 'FengQ_2015', 'YachidaS_2019']	VogtmannE_2016	subspecies	0.6660502958579881	0.5961538461538461	0.5769230769230769	0.5882352941176471	0.5769230769230769	0.6153846153846154	random_state	4
LBGM	['ThomasAM_2018a', 'YuJ_2015', 'FengQ_2015', 'ZellerG_2014']	VogtmannE_2016	subspecies	0.6786242603550294	0.6538461538461539	0.5384615384615384	0.608695652173913	0.5384615384615384	0.7692307692307693	random_state	4
LBGM	['ThomasAM_2018a', 'YuJ_2015', 'FengQ_2015', 'ZellerG_2014']	VogtmannE_2016	subspecies	0.6786242603550294	0.6538461538461539	0.5384615384615384	0.608695652173913	0.5384615384615384	0.7692307692307693	random_state	4
LBGM	['ThomasAM_2018a', 'YuJ_2015', 'FengQ_2015', 'ZellerG_2014']	VogtmannE_2016	subspecies	0.6786242603550294	0.6538461538461539	0.5384615384615384	0.608695652173913	0.5384615384615384	0.7692307692307693	random_state	4
LBGM	['ThomasAM_2018a', 'YuJ_2015', 'FengQ_2015', 'WirbelJ_2018']	VogtmannE_2016	subspecies	0.6826923076923076	0.6730769230769231	0.4807692307692308	0.5952380952380952	0.4807692307692308	0.8653846153846154	random_state	4
LBGM	['ThomasAM_2018a', 'YuJ_2015', 'FengQ_2015', 'WirbelJ_2018']	VogtmannE_2016	subspecies	0.6826923076923076	0.6730769230769231	0.4807692307692308	0.5952380952380952	0.4807692307692308	0.8653846153846154	random_state	4
LBGM	['ThomasAM_2018a', 'YuJ_2015', 'FengQ_2015', 'WirbelJ_2018']	VogtmannE_2016	subspecies	0.6826923076923076	0.6730769230769231	0.4807692307692308	0.5952380952380952	0.4807692307692308	0.8653846153846154	random_state	4
LBGM	['ThomasAM_2018a', 'YuJ_2015', 'YachidaS_2019', 'ZellerG_2014']	VogtmannE_2016	subspecies	0.6934171597633136	0.7019230769230769	0.5	0.6265060240963854	0.5	0.9038461538461539	random_state	4
LBGM	['ThomasAM_2018a', 'YuJ_2015', 'YachidaS_2019', 'ZellerG_2014']	VogtmannE_2016	subspecies	0.6934171597633136	0.7019230769230769	0.5	0.6265060240963854	0.5	0.9038461538461539	random_state	4
LBGM	['ThomasAM_2018a', 'YuJ_2015', 'YachidaS_2019', 'ZellerG_2014']	VogtmannE_2016	subspecies	0.6934171597633136	0.7019230769230769	0.5	0.6265060240963854	0.5	0.9038461538461539	random_state	4
LBGM	['ThomasAM_2018a', 'YuJ_2015', 'YachidaS_2019', 'WirbelJ_2018']	VogtmannE_2016	subspecies	0.7107988165680473	0.6634615384615384	0.38461538461538464	0.5333333333333333	0.38461538461538464	0.9423076923076923	random_state	4
LBGM	['ThomasAM_2018a', 'YuJ_2015', 'YachidaS_2019', 'WirbelJ_2018']	VogtmannE_2016	subspecies	0.7107988165680473	0.6634615384615384	0.38461538461538464	0.5333333333333333	0.38461538461538464	0.9423076923076923	random_state	4
LBGM	['ThomasAM_2018a', 'YuJ_2015', 'YachidaS_2019', 'WirbelJ_2018']	VogtmannE_2016	subspecies	0.7107988165680473	0.6634615384615384	0.38461538461538464	0.5333333333333333	0.38461538461538464	0.9423076923076923	random_state	4
LBGM	['ThomasAM_2018a', 'YuJ_2015', 'ZellerG_2014', 'WirbelJ_2018']	VogtmannE_2016	subspecies	0.6364644970414199	0.6442307692307693	0.4230769230769231	0.5432098765432098	0.4230769230769231	0.8653846153846154	random_state	4
LBGM	['ThomasAM_2018a', 'YuJ_2015', 'ZellerG_2014', 'WirbelJ_2018']	VogtmannE_2016	subspecies	0.6364644970414199	0.6442307692307693	0.4230769230769231	0.5432098765432098	0.4230769230769231	0.8653846153846154	random_state	4
LBGM	['ThomasAM_2018a', 'YuJ_2015', 'ZellerG_2014', 'WirbelJ_2018']	VogtmannE_2016	subspecies	0.6364644970414199	0.6442307692307693	0.4230769230769231	0.5432098765432098	0.4230769230769231	0.8653846153846154	random_state	4
LBGM	['ThomasAM_2018a', 'FengQ_2015', 'YachidaS_2019', 'ZellerG_2014']	VogtmannE_2016	subspecies	0.6505177514792899	0.6346153846153846	0.5384615384615384	0.5957446808510638	0.5384615384615384	0.7307692307692307	random_state	4
LBGM	['ThomasAM_2018a', 'FengQ_2015', 'YachidaS_2019', 'ZellerG_2014']	VogtmannE_2016	subspecies	0.6505177514792899	0.6346153846153846	0.5384615384615384	0.5957446808510638	0.5384615384615384	0.7307692307692307	random_state	4
LBGM	['ThomasAM_2018a', 'FengQ_2015', 'YachidaS_2019', 'ZellerG_2014']	VogtmannE_2016	subspecies	0.6505177514792899	0.6346153846153846	0.5384615384615384	0.5957446808510638	0.5384615384615384	0.7307692307692307	random_state	4
LBGM	['ThomasAM_2018a', 'FengQ_2015', 'YachidaS_2019', 'WirbelJ_2018']	VogtmannE_2016	subspecies	0.661612426035503	0.6826923076923077	0.4807692307692308	0.6024096385542168	0.4807692307692308	0.8846153846153846	random_state	4
LBGM	['ThomasAM_2018a', 'FengQ_2015', 'YachidaS_2019', 'WirbelJ_2018']	VogtmannE_2016	subspecies	0.661612426035503	0.6826923076923077	0.4807692307692308	0.6024096385542168	0.4807692307692308	0.8846153846153846	random_state	4
LBGM	['ThomasAM_2018a', 'FengQ_2015', 'YachidaS_2019', 'WirbelJ_2018']	VogtmannE_2016	subspecies	0.661612426035503	0.6826923076923077	0.4807692307692308	0.6024096385542168	0.4807692307692308	0.8846153846153846	random_state	4
LBGM	['ThomasAM_2018a', 'FengQ_2015', 'ZellerG_2014', 'WirbelJ_2018']	VogtmannE_2016	subspecies	0.6642011834319527	0.6538461538461539	0.4230769230769231	0.55	0.4230769230769231	0.8846153846153846	random_state	4
LBGM	['ThomasAM_2018a', 'FengQ_2015', 'ZellerG_2014', 'WirbelJ_2018']	VogtmannE_2016	subspecies	0.6642011834319527	0.6538461538461539	0.4230769230769231	0.55	0.4230769230769231	0.8846153846153846	random_state	4
LBGM	['ThomasAM_2018a', 'FengQ_2015', 'ZellerG_2014', 'WirbelJ_2018']	VogtmannE_2016	subspecies	0.6642011834319527	0.6538461538461539	0.4230769230769231	0.55	0.4230769230769231	0.8846153846153846	random_state	4
LBGM	['ThomasAM_2018a', 'YachidaS_2019', 'ZellerG_2014', 'WirbelJ_2018']	VogtmannE_2016	subspecies	0.6605029585798816	0.6634615384615384	0.4230769230769231	0.5569620253164557	0.4230769230769231	0.9038461538461539	random_state	4
LBGM	['ThomasAM_2018a', 'YachidaS_2019', 'ZellerG_2014', 'WirbelJ_2018']	VogtmannE_2016	subspecies	0.6605029585798816	0.6634615384615384	0.4230769230769231	0.5569620253164557	0.4230769230769231	0.9038461538461539	random_state	4
LBGM	['ThomasAM_2018a', 'YachidaS_2019', 'ZellerG_2014', 'WirbelJ_2018']	VogtmannE_2016	subspecies	0.6605029585798816	0.6634615384615384	0.4230769230769231	0.5569620253164557	0.4230769230769231	0.9038461538461539	random_state	4
LBGM	['YuJ_2015', 'FengQ_2015', 'YachidaS_2019', 'ZellerG_2014']	VogtmannE_2016	subspecies	0.6930473372781064	0.7019230769230769	0.5769230769230769	0.6593406593406593	0.5769230769230769	0.8269230769230769	random_state	4
LBGM	['YuJ_2015', 'FengQ_2015', 'YachidaS_2019', 'ZellerG_2014']	VogtmannE_2016	subspecies	0.6930473372781064	0.7019230769230769	0.5769230769230769	0.6593406593406593	0.5769230769230769	0.8269230769230769	random_state	4
LBGM	['YuJ_2015', 'FengQ_2015', 'YachidaS_2019', 'ZellerG_2014']	VogtmannE_2016	subspecies	0.6930473372781064	0.7019230769230769	0.5769230769230769	0.6593406593406593	0.5769230769230769	0.8269230769230769	random_state	4
LBGM	['YuJ_2015', 'FengQ_2015', 'YachidaS_2019', 'WirbelJ_2018']	VogtmannE_2016	subspecies	0.6634615384615384	0.6923076923076923	0.40384615384615385	0.5675675675675677	0.40384615384615385	0.9807692307692307	random_state	4
LBGM	['YuJ_2015', 'FengQ_2015', 'YachidaS_2019', 'WirbelJ_2018']	VogtmannE_2016	subspecies	0.6634615384615384	0.6923076923076923	0.40384615384615385	0.5675675675675677	0.40384615384615385	0.9807692307692307	random_state	4
LBGM	['YuJ_2015', 'FengQ_2015', 'YachidaS_2019', 'WirbelJ_2018']	VogtmannE_2016	subspecies	0.6634615384615384	0.6923076923076923	0.40384615384615385	0.5675675675675677	0.40384615384615385	0.9807692307692307	random_state	4
LBGM	['YuJ_2015', 'FengQ_2015', 'ZellerG_2014', 'WirbelJ_2018']	VogtmannE_2016	subspecies	0.6815828402366864	0.6346153846153846	0.40384615384615385	0.5250000000000001	0.40384615384615385	0.8653846153846154	random_state	4
LBGM	['YuJ_2015', 'FengQ_2015', 'ZellerG_2014', 'WirbelJ_2018']	VogtmannE_2016	subspecies	0.6815828402366864	0.6346153846153846	0.40384615384615385	0.5250000000000001	0.40384615384615385	0.8653846153846154	random_state	4
LBGM	['YuJ_2015', 'FengQ_2015', 'ZellerG_2014', 'WirbelJ_2018']	VogtmannE_2016	subspecies	0.6815828402366864	0.6346153846153846	0.40384615384615385	0.5250000000000001	0.40384615384615385	0.8653846153846154	random_state	4
LBGM	['YuJ_2015', 'YachidaS_2019', 'ZellerG_2014', 'WirbelJ_2018']	VogtmannE_2016	subspecies	0.6519970414201183	0.6826923076923077	0.4423076923076923	0.5822784810126582	0.4423076923076923	0.9230769230769231	random_state	4
LBGM	['YuJ_2015', 'YachidaS_2019', 'ZellerG_2014', 'WirbelJ_2018']	VogtmannE_2016	subspecies	0.6519970414201183	0.6826923076923077	0.4423076923076923	0.5822784810126582	0.4423076923076923	0.9230769230769231	random_state	4
LBGM	['YuJ_2015', 'YachidaS_2019', 'ZellerG_2014', 'WirbelJ_2018']	VogtmannE_2016	subspecies	0.6519970414201183	0.6826923076923077	0.4423076923076923	0.5822784810126582	0.4423076923076923	0.9230769230769231	random_state	4
LBGM	['FengQ_2015', 'YachidaS_2019', 'ZellerG_2014', 'WirbelJ_2018']	VogtmannE_2016	subspecies	0.6856508875739645	0.6826923076923077	0.46153846153846156	0.5925925925925927	0.46153846153846156	0.9038461538461539	random_state	4
LBGM	['FengQ_2015', 'YachidaS_2019', 'ZellerG_2014', 'WirbelJ_2018']	VogtmannE_2016	subspecies	0.6856508875739645	0.6826923076923077	0.46153846153846156	0.5925925925925927	0.46153846153846156	0.9038461538461539	random_state	4
LBGM	['FengQ_2015', 'YachidaS_2019', 'ZellerG_2014', 'WirbelJ_2018']	VogtmannE_2016	subspecies	0.6856508875739645	0.6826923076923077	0.46153846153846156	0.5925925925925927	0.46153846153846156	0.9038461538461539	random_state	4
LBGM	['ThomasAM_2018a', 'YuJ_2015', 'FengQ_2015', 'YachidaS_2019', 'ZellerG_2014']	VogtmannE_2016	subspecies	0.694896449704142	0.6730769230769231	0.4807692307692308	0.5952380952380952	0.4807692307692308	0.8653846153846154	random_state	5
LBGM	['ThomasAM_2018a', 'YuJ_2015', 'FengQ_2015', 'YachidaS_2019', 'ZellerG_2014']	VogtmannE_2016	subspecies	0.694896449704142	0.6730769230769231	0.4807692307692308	0.5952380952380952	0.4807692307692308	0.8653846153846154	random_state	5
LBGM	['ThomasAM_2018a', 'YuJ_2015', 'FengQ_2015', 'YachidaS_2019', 'ZellerG_2014']	VogtmannE_2016	subspecies	0.694896449704142	0.6730769230769231	0.4807692307692308	0.5952380952380952	0.4807692307692308	0.8653846153846154	random_state	5
LBGM	['ThomasAM_2018a', 'YuJ_2015', 'FengQ_2015', 'YachidaS_2019', 'WirbelJ_2018']	VogtmannE_2016	subspecies	0.6660502958579881	0.6923076923076923	0.4807692307692308	0.6097560975609756	0.4807692307692308	0.9038461538461539	random_state	5
LBGM	['ThomasAM_2018a', 'YuJ_2015', 'FengQ_2015', 'YachidaS_2019', 'WirbelJ_2018']	VogtmannE_2016	subspecies	0.6660502958579881	0.6923076923076923	0.4807692307692308	0.6097560975609756	0.4807692307692308	0.9038461538461539	random_state	5
LBGM	['ThomasAM_2018a', 'YuJ_2015', 'FengQ_2015', 'YachidaS_2019', 'WirbelJ_2018']	VogtmannE_2016	subspecies	0.6660502958579881	0.6923076923076923	0.4807692307692308	0.6097560975609756	0.4807692307692308	0.9038461538461539	random_state	5
LBGM	['ThomasAM_2018a', 'YuJ_2015', 'FengQ_2015', 'ZellerG_2014', 'WirbelJ_2018']	VogtmannE_2016	subspecies	0.67344674556213	0.6538461538461539	0.46153846153846156	0.5714285714285714	0.46153846153846156	0.8461538461538461	random_state	5
LBGM	['ThomasAM_2018a', 'YuJ_2015', 'FengQ_2015', 'ZellerG_2014', 'WirbelJ_2018']	VogtmannE_2016	subspecies	0.67344674556213	0.6538461538461539	0.46153846153846156	0.5714285714285714	0.46153846153846156	0.8461538461538461	random_state	5
LBGM	['ThomasAM_2018a', 'YuJ_2015', 'FengQ_2015', 'ZellerG_2014', 'WirbelJ_2018']	VogtmannE_2016	subspecies	0.67344674556213	0.6538461538461539	0.46153846153846156	0.5714285714285714	0.46153846153846156	0.8461538461538461	random_state	5
LBGM	['ThomasAM_2018a', 'YuJ_2015', 'YachidaS_2019', 'ZellerG_2014', 'WirbelJ_2018']	VogtmannE_2016	subspecies	0.6764053254437871	0.7019230769230769	0.4423076923076923	0.5974025974025974	0.4423076923076923	0.9615384615384616	random_state	5
LBGM	['ThomasAM_2018a', 'YuJ_2015', 'YachidaS_2019', 'ZellerG_2014', 'WirbelJ_2018']	VogtmannE_2016	subspecies	0.6764053254437871	0.7019230769230769	0.4423076923076923	0.5974025974025974	0.4423076923076923	0.9615384615384616	random_state	5
LBGM	['ThomasAM_2018a', 'YuJ_2015', 'YachidaS_2019', 'ZellerG_2014', 'WirbelJ_2018']	VogtmannE_2016	subspecies	0.6764053254437871	0.7019230769230769	0.4423076923076923	0.5974025974025974	0.4423076923076923	0.9615384615384616	random_state	5
LBGM	['ThomasAM_2018a', 'FengQ_2015', 'YachidaS_2019', 'ZellerG_2014', 'WirbelJ_2018']	VogtmannE_2016	subspecies	0.6786242603550297	0.6826923076923077	0.4423076923076923	0.5822784810126582	0.4423076923076923	0.9230769230769231	random_state	5
LBGM	['ThomasAM_2018a', 'FengQ_2015', 'YachidaS_2019', 'ZellerG_2014', 'WirbelJ_2018']	VogtmannE_2016	subspecies	0.6786242603550297	0.6826923076923077	0.4423076923076923	0.5822784810126582	0.4423076923076923	0.9230769230769231	random_state	5
LBGM	['ThomasAM_2018a', 'FengQ_2015', 'YachidaS_2019', 'ZellerG_2014', 'WirbelJ_2018']	VogtmannE_2016	subspecies	0.6786242603550297	0.6826923076923077	0.4423076923076923	0.5822784810126582	0.4423076923076923	0.9230769230769231	random_state	5
LBGM	['YuJ_2015', 'FengQ_2015', 'YachidaS_2019', 'ZellerG_2014', 'WirbelJ_2018']	VogtmannE_2016	subspecies	0.6778846153846154	0.7115384615384616	0.5192307692307693	0.6428571428571429	0.5192307692307693	0.9038461538461539	random_state	5
LBGM	['YuJ_2015', 'FengQ_2015', 'YachidaS_2019', 'ZellerG_2014', 'WirbelJ_2018']	VogtmannE_2016	subspecies	0.6778846153846154	0.7115384615384616	0.5192307692307693	0.6428571428571429	0.5192307692307693	0.9038461538461539	random_state	5
LBGM	['YuJ_2015', 'FengQ_2015', 'YachidaS_2019', 'ZellerG_2014', 'WirbelJ_2018']	VogtmannE_2016	subspecies	0.6778846153846154	0.7115384615384616	0.5192307692307693	0.6428571428571429	0.5192307692307693	0.9038461538461539	random_state	5
LBGM	['ThomasAM_2018a', 'YuJ_2015', 'FengQ_2015', 'YachidaS_2019', 'ZellerG_2014', 'WirbelJ_2018']	VogtmannE_2016	subspecies	0.69896449704142	0.6923076923076923	0.4807692307692308	0.6097560975609756	0.4807692307692308	0.9038461538461539	random_state	6
LBGM	['ThomasAM_2018a', 'YuJ_2015', 'FengQ_2015', 'YachidaS_2019', 'ZellerG_2014', 'WirbelJ_2018']	VogtmannE_2016	subspecies	0.69896449704142	0.6923076923076923	0.4807692307692308	0.6097560975609756	0.4807692307692308	0.9038461538461539	random_state	6
LBGM	['ThomasAM_2018a', 'YuJ_2015', 'FengQ_2015', 'YachidaS_2019', 'ZellerG_2014', 'WirbelJ_2018']	VogtmannE_2016	subspecies	0.69896449704142	0.6923076923076923	0.4807692307692308	0.6097560975609756	0.4807692307692308	0.9038461538461539	random_state	6
LBGM	['VogtmannE_2016']	ThomasAM_2018a	subspecies	0.7058823529411764	0.6904761904761905	0.88	0.7719298245614036	0.88	0.4117647058823529	random_state	1
LBGM	['VogtmannE_2016']	ThomasAM_2018a	subspecies	0.7058823529411764	0.6904761904761905	0.88	0.7719298245614036	0.88	0.4117647058823529	random_state	1
LBGM	['VogtmannE_2016']	ThomasAM_2018a	subspecies	0.7058823529411764	0.6904761904761905	0.88	0.7719298245614036	0.88	0.4117647058823529	random_state	1
LBGM	['YuJ_2015']	ThomasAM_2018a	subspecies	0.6141176470588235	0.6428571428571429	1.0	0.7692307692307693	1.0	0.11764705882352941	random_state	1
LBGM	['YuJ_2015']	ThomasAM_2018a	subspecies	0.6141176470588235	0.6428571428571429	1.0	0.7692307692307693	1.0	0.11764705882352941	random_state	1
LBGM	['YuJ_2015']	ThomasAM_2018a	subspecies	0.6141176470588235	0.6428571428571429	1.0	0.7692307692307693	1.0	0.11764705882352941	random_state	1
LBGM	['FengQ_2015']	ThomasAM_2018a	subspecies	0.5529411764705883	0.5952380952380952	0.76	0.6909090909090909	0.76	0.35294117647058826	random_state	1
LBGM	['FengQ_2015']	ThomasAM_2018a	subspecies	0.5529411764705883	0.5952380952380952	0.76	0.6909090909090909	0.76	0.35294117647058826	random_state	1
LBGM	['FengQ_2015']	ThomasAM_2018a	subspecies	0.5529411764705883	0.5952380952380952	0.76	0.6909090909090909	0.76	0.35294117647058826	random_state	1
LBGM	['YachidaS_2019']	ThomasAM_2018a	subspecies	0.6894117647058824	0.6904761904761905	0.64	0.7111111111111111	0.64	0.7647058823529411	random_state	1
LBGM	['YachidaS_2019']	ThomasAM_2018a	subspecies	0.6894117647058824	0.6904761904761905	0.64	0.7111111111111111	0.64	0.7647058823529411	random_state	1
LBGM	['YachidaS_2019']	ThomasAM_2018a	subspecies	0.6894117647058824	0.6904761904761905	0.64	0.7111111111111111	0.64	0.7647058823529411	random_state	1
LBGM	['ZellerG_2014']	ThomasAM_2018a	subspecies	0.5223529411764706	0.6190476190476191	1.0	0.7575757575757575	1.0	0.058823529411764705	random_state	1
LBGM	['ZellerG_2014']	ThomasAM_2018a	subspecies	0.5223529411764706	0.6190476190476191	1.0	0.7575757575757575	1.0	0.058823529411764705	random_state	1
LBGM	['ZellerG_2014']	ThomasAM_2018a	subspecies	0.5223529411764706	0.6190476190476191	1.0	0.7575757575757575	1.0	0.058823529411764705	random_state	1
LBGM	['WirbelJ_2018']	ThomasAM_2018a	subspecies	0.6964705882352942	0.5714285714285714	0.52	0.5909090909090909	0.52	0.6470588235294118	random_state	1
LBGM	['WirbelJ_2018']	ThomasAM_2018a	subspecies	0.6964705882352942	0.5714285714285714	0.52	0.5909090909090909	0.52	0.6470588235294118	random_state	1
LBGM	['WirbelJ_2018']	ThomasAM_2018a	subspecies	0.6964705882352942	0.5714285714285714	0.52	0.5909090909090909	0.52	0.6470588235294118	random_state	1
LBGM	['VogtmannE_2016', 'YuJ_2015']	ThomasAM_2018a	subspecies	0.8776470588235294	0.7857142857142857	0.92	0.8363636363636363	0.92	0.5882352941176471	random_state	2
LBGM	['VogtmannE_2016', 'YuJ_2015']	ThomasAM_2018a	subspecies	0.8776470588235294	0.7857142857142857	0.92	0.8363636363636363	0.92	0.5882352941176471	random_state	2
LBGM	['VogtmannE_2016', 'YuJ_2015']	ThomasAM_2018a	subspecies	0.8776470588235294	0.7857142857142857	0.92	0.8363636363636363	0.92	0.5882352941176471	random_state	2
LBGM	['VogtmannE_2016', 'FengQ_2015']	ThomasAM_2018a	subspecies	0.7458823529411764	0.7142857142857143	1.0	0.8064516129032258	1.0	0.29411764705882354	random_state	2
LBGM	['VogtmannE_2016', 'FengQ_2015']	ThomasAM_2018a	subspecies	0.7458823529411764	0.7142857142857143	1.0	0.8064516129032258	1.0	0.29411764705882354	random_state	2
LBGM	['VogtmannE_2016', 'FengQ_2015']	ThomasAM_2018a	subspecies	0.7458823529411764	0.7142857142857143	1.0	0.8064516129032258	1.0	0.29411764705882354	random_state	2
LBGM	['VogtmannE_2016', 'YachidaS_2019']	ThomasAM_2018a	subspecies	0.7764705882352941	0.6428571428571429	0.52	0.6341463414634146	0.52	0.8235294117647058	random_state	2
LBGM	['VogtmannE_2016', 'YachidaS_2019']	ThomasAM_2018a	subspecies	0.7764705882352941	0.6428571428571429	0.52	0.6341463414634146	0.52	0.8235294117647058	random_state	2
LBGM	['VogtmannE_2016', 'YachidaS_2019']	ThomasAM_2018a	subspecies	0.7764705882352941	0.6428571428571429	0.52	0.6341463414634146	0.52	0.8235294117647058	random_state	2
LBGM	['VogtmannE_2016', 'ZellerG_2014']	ThomasAM_2018a	subspecies	0.8305882352941176	0.6428571428571429	1.0	0.7692307692307693	1.0	0.11764705882352941	random_state	2
LBGM	['VogtmannE_2016', 'ZellerG_2014']	ThomasAM_2018a	subspecies	0.8305882352941176	0.6428571428571429	1.0	0.7692307692307693	1.0	0.11764705882352941	random_state	2
LBGM	['VogtmannE_2016', 'ZellerG_2014']	ThomasAM_2018a	subspecies	0.8305882352941176	0.6428571428571429	1.0	0.7692307692307693	1.0	0.11764705882352941	random_state	2
LBGM	['VogtmannE_2016', 'WirbelJ_2018']	ThomasAM_2018a	subspecies	0.7788235294117647	0.6428571428571429	0.72	0.7058823529411765	0.72	0.5294117647058824	random_state	2
LBGM	['VogtmannE_2016', 'WirbelJ_2018']	ThomasAM_2018a	subspecies	0.7788235294117647	0.6428571428571429	0.72	0.7058823529411765	0.72	0.5294117647058824	random_state	2
LBGM	['VogtmannE_2016', 'WirbelJ_2018']	ThomasAM_2018a	subspecies	0.7788235294117647	0.6428571428571429	0.72	0.7058823529411765	0.72	0.5294117647058824	random_state	2
LBGM	['YuJ_2015', 'FengQ_2015']	ThomasAM_2018a	subspecies	0.7011764705882353	0.5952380952380952	0.88	0.7213114754098361	0.88	0.17647058823529413	random_state	2
LBGM	['YuJ_2015', 'FengQ_2015']	ThomasAM_2018a	subspecies	0.7011764705882353	0.5952380952380952	0.88	0.7213114754098361	0.88	0.17647058823529413	random_state	2
LBGM	['YuJ_2015', 'FengQ_2015']	ThomasAM_2018a	subspecies	0.7011764705882353	0.5952380952380952	0.88	0.7213114754098361	0.88	0.17647058823529413	random_state	2
LBGM	['YuJ_2015', 'YachidaS_2019']	ThomasAM_2018a	subspecies	0.5905882352941176	0.5476190476190477	0.52	0.5777777777777778	0.52	0.5882352941176471	random_state	2
LBGM	['YuJ_2015', 'YachidaS_2019']	ThomasAM_2018a	subspecies	0.5905882352941176	0.5476190476190477	0.52	0.5777777777777778	0.52	0.5882352941176471	random_state	2
LBGM	['YuJ_2015', 'YachidaS_2019']	ThomasAM_2018a	subspecies	0.5905882352941176	0.5476190476190477	0.52	0.5777777777777778	0.52	0.5882352941176471	random_state	2
LBGM	['YuJ_2015', 'ZellerG_2014']	ThomasAM_2018a	subspecies	0.6047058823529411	0.6428571428571429	0.96	0.7619047619047619	0.96	0.17647058823529413	random_state	2
LBGM	['YuJ_2015', 'ZellerG_2014']	ThomasAM_2018a	subspecies	0.6047058823529411	0.6428571428571429	0.96	0.7619047619047619	0.96	0.17647058823529413	random_state	2
LBGM	['YuJ_2015', 'ZellerG_2014']	ThomasAM_2018a	subspecies	0.6047058823529411	0.6428571428571429	0.96	0.7619047619047619	0.96	0.17647058823529413	random_state	2
LBGM	['YuJ_2015', 'WirbelJ_2018']	ThomasAM_2018a	subspecies	0.7388235294117647	0.6666666666666666	0.8	0.7407407407407408	0.8	0.47058823529411764	random_state	2
LBGM	['YuJ_2015', 'WirbelJ_2018']	ThomasAM_2018a	subspecies	0.7388235294117647	0.6666666666666666	0.8	0.7407407407407408	0.8	0.47058823529411764	random_state	2
LBGM	['YuJ_2015', 'WirbelJ_2018']	ThomasAM_2018a	subspecies	0.7388235294117647	0.6666666666666666	0.8	0.7407407407407408	0.8	0.47058823529411764	random_state	2
LBGM	['FengQ_2015', 'YachidaS_2019']	ThomasAM_2018a	subspecies	0.7247058823529412	0.7142857142857143	0.84	0.7777777777777777	0.84	0.5294117647058824	random_state	2
LBGM	['FengQ_2015', 'YachidaS_2019']	ThomasAM_2018a	subspecies	0.7247058823529412	0.7142857142857143	0.84	0.7777777777777777	0.84	0.5294117647058824	random_state	2
LBGM	['FengQ_2015', 'YachidaS_2019']	ThomasAM_2018a	subspecies	0.7247058823529412	0.7142857142857143	0.84	0.7777777777777777	0.84	0.5294117647058824	random_state	2
LBGM	['FengQ_2015', 'ZellerG_2014']	ThomasAM_2018a	subspecies	0.6729411764705882	0.6666666666666666	1.0	0.7812500000000001	1.0	0.17647058823529413	random_state	2
LBGM	['FengQ_2015', 'ZellerG_2014']	ThomasAM_2018a	subspecies	0.6729411764705882	0.6666666666666666	1.0	0.7812500000000001	1.0	0.17647058823529413	random_state	2
LBGM	['FengQ_2015', 'ZellerG_2014']	ThomasAM_2018a	subspecies	0.6729411764705882	0.6666666666666666	1.0	0.7812500000000001	1.0	0.17647058823529413	random_state	2
LBGM	['FengQ_2015', 'WirbelJ_2018']	ThomasAM_2018a	subspecies	0.7058823529411765	0.6666666666666666	0.68	0.7083333333333334	0.68	0.6470588235294118	random_state	2
LBGM	['FengQ_2015', 'WirbelJ_2018']	ThomasAM_2018a	subspecies	0.7058823529411765	0.6666666666666666	0.68	0.7083333333333334	0.68	0.6470588235294118	random_state	2
LBGM	['FengQ_2015', 'WirbelJ_2018']	ThomasAM_2018a	subspecies	0.7058823529411765	0.6666666666666666	0.68	0.7083333333333334	0.68	0.6470588235294118	random_state	2
LBGM	['YachidaS_2019', 'ZellerG_2014']	ThomasAM_2018a	subspecies	0.6211764705882353	0.5714285714285714	0.76	0.6785714285714285	0.76	0.29411764705882354	random_state	2
LBGM	['YachidaS_2019', 'ZellerG_2014']	ThomasAM_2018a	subspecies	0.6211764705882353	0.5714285714285714	0.76	0.6785714285714285	0.76	0.29411764705882354	random_state	2
LBGM	['YachidaS_2019', 'ZellerG_2014']	ThomasAM_2018a	subspecies	0.6211764705882353	0.5714285714285714	0.76	0.6785714285714285	0.76	0.29411764705882354	random_state	2
LBGM	['YachidaS_2019', 'WirbelJ_2018']	ThomasAM_2018a	subspecies	0.7176470588235294	0.5714285714285714	0.4	0.5263157894736842	0.4	0.8235294117647058	random_state	2
LBGM	['YachidaS_2019', 'WirbelJ_2018']	ThomasAM_2018a	subspecies	0.7176470588235294	0.5714285714285714	0.4	0.5263157894736842	0.4	0.8235294117647058	random_state	2
LBGM	['YachidaS_2019', 'WirbelJ_2018']	ThomasAM_2018a	subspecies	0.7176470588235294	0.5714285714285714	0.4	0.5263157894736842	0.4	0.8235294117647058	random_state	2
LBGM	['ZellerG_2014', 'WirbelJ_2018']	ThomasAM_2018a	subspecies	0.6964705882352941	0.7142857142857143	0.8	0.7692307692307692	0.8	0.5882352941176471	random_state	2
LBGM	['ZellerG_2014', 'WirbelJ_2018']	ThomasAM_2018a	subspecies	0.6964705882352941	0.7142857142857143	0.8	0.7692307692307692	0.8	0.5882352941176471	random_state	2
LBGM	['ZellerG_2014', 'WirbelJ_2018']	ThomasAM_2018a	subspecies	0.6964705882352941	0.7142857142857143	0.8	0.7692307692307692	0.8	0.5882352941176471	random_state	2
LBGM	['VogtmannE_2016', 'YuJ_2015', 'FengQ_2015']	ThomasAM_2018a	subspecies	0.7835294117647058	0.6666666666666666	0.96	0.7741935483870968	0.96	0.23529411764705882	random_state	3
LBGM	['VogtmannE_2016', 'YuJ_2015', 'FengQ_2015']	ThomasAM_2018a	subspecies	0.7835294117647058	0.6666666666666666	0.96	0.7741935483870968	0.96	0.23529411764705882	random_state	3
LBGM	['VogtmannE_2016', 'YuJ_2015', 'FengQ_2015']	ThomasAM_2018a	subspecies	0.7835294117647058	0.6666666666666666	0.96	0.7741935483870968	0.96	0.23529411764705882	random_state	3
LBGM	['VogtmannE_2016', 'YuJ_2015', 'YachidaS_2019']	ThomasAM_2018a	subspecies	0.8352941176470587	0.7619047619047619	0.72	0.782608695652174	0.72	0.8235294117647058	random_state	3
LBGM	['VogtmannE_2016', 'YuJ_2015', 'YachidaS_2019']	ThomasAM_2018a	subspecies	0.8352941176470587	0.7619047619047619	0.72	0.782608695652174	0.72	0.8235294117647058	random_state	3
LBGM	['VogtmannE_2016', 'YuJ_2015', 'YachidaS_2019']	ThomasAM_2018a	subspecies	0.8352941176470587	0.7619047619047619	0.72	0.782608695652174	0.72	0.8235294117647058	random_state	3
LBGM	['VogtmannE_2016', 'YuJ_2015', 'ZellerG_2014']	ThomasAM_2018a	subspecies	0.8211764705882352	0.6904761904761905	1.0	0.7936507936507937	1.0	0.23529411764705882	random_state	3
LBGM	['VogtmannE_2016', 'YuJ_2015', 'ZellerG_2014']	ThomasAM_2018a	subspecies	0.8211764705882352	0.6904761904761905	1.0	0.7936507936507937	1.0	0.23529411764705882	random_state	3
LBGM	['VogtmannE_2016', 'YuJ_2015', 'ZellerG_2014']	ThomasAM_2018a	subspecies	0.8211764705882352	0.6904761904761905	1.0	0.7936507936507937	1.0	0.23529411764705882	random_state	3
LBGM	['VogtmannE_2016', 'YuJ_2015', 'WirbelJ_2018']	ThomasAM_2018a	subspecies	0.7482352941176471	0.6904761904761905	0.88	0.7719298245614036	0.88	0.4117647058823529	random_state	3
LBGM	['VogtmannE_2016', 'YuJ_2015', 'WirbelJ_2018']	ThomasAM_2018a	subspecies	0.7482352941176471	0.6904761904761905	0.88	0.7719298245614036	0.88	0.4117647058823529	random_state	3
LBGM	['VogtmannE_2016', 'YuJ_2015', 'WirbelJ_2018']	ThomasAM_2018a	subspecies	0.7482352941176471	0.6904761904761905	0.88	0.7719298245614036	0.88	0.4117647058823529	random_state	3
LBGM	['VogtmannE_2016', 'FengQ_2015', 'YachidaS_2019']	ThomasAM_2018a	subspecies	0.7741176470588236	0.6666666666666666	0.6	0.6818181818181819	0.6	0.7647058823529411	random_state	3
LBGM	['VogtmannE_2016', 'FengQ_2015', 'YachidaS_2019']	ThomasAM_2018a	subspecies	0.7741176470588236	0.6666666666666666	0.6	0.6818181818181819	0.6	0.7647058823529411	random_state	3
LBGM	['VogtmannE_2016', 'FengQ_2015', 'YachidaS_2019']	ThomasAM_2018a	subspecies	0.7741176470588236	0.6666666666666666	0.6	0.6818181818181819	0.6	0.7647058823529411	random_state	3
LBGM	['VogtmannE_2016', 'FengQ_2015', 'ZellerG_2014']	ThomasAM_2018a	subspecies	0.7505882352941177	0.6428571428571429	1.0	0.7692307692307693	1.0	0.11764705882352941	random_state	3
LBGM	['VogtmannE_2016', 'FengQ_2015', 'ZellerG_2014']	ThomasAM_2018a	subspecies	0.7505882352941177	0.6428571428571429	1.0	0.7692307692307693	1.0	0.11764705882352941	random_state	3
LBGM	['VogtmannE_2016', 'FengQ_2015', 'ZellerG_2014']	ThomasAM_2018a	subspecies	0.7505882352941177	0.6428571428571429	1.0	0.7692307692307693	1.0	0.11764705882352941	random_state	3
LBGM	['VogtmannE_2016', 'FengQ_2015', 'WirbelJ_2018']	ThomasAM_2018a	subspecies	0.8305882352941176	0.7142857142857143	0.84	0.7777777777777777	0.84	0.5294117647058824	random_state	3
LBGM	['VogtmannE_2016', 'FengQ_2015', 'WirbelJ_2018']	ThomasAM_2018a	subspecies	0.8305882352941176	0.7142857142857143	0.84	0.7777777777777777	0.84	0.5294117647058824	random_state	3
LBGM	['VogtmannE_2016', 'FengQ_2015', 'WirbelJ_2018']	ThomasAM_2018a	subspecies	0.8305882352941176	0.7142857142857143	0.84	0.7777777777777777	0.84	0.5294117647058824	random_state	3
LBGM	['VogtmannE_2016', 'YachidaS_2019', 'ZellerG_2014']	ThomasAM_2018a	subspecies	0.776470588235294	0.6666666666666666	0.84	0.75	0.84	0.4117647058823529	random_state	3
LBGM	['VogtmannE_2016', 'YachidaS_2019', 'ZellerG_2014']	ThomasAM_2018a	subspecies	0.776470588235294	0.6666666666666666	0.84	0.75	0.84	0.4117647058823529	random_state	3
LBGM	['VogtmannE_2016', 'YachidaS_2019', 'ZellerG_2014']	ThomasAM_2018a	subspecies	0.776470588235294	0.6666666666666666	0.84	0.75	0.84	0.4117647058823529	random_state	3
LBGM	['VogtmannE_2016', 'YachidaS_2019', 'WirbelJ_2018']	ThomasAM_2018a	subspecies	0.8376470588235294	0.6428571428571429	0.52	0.6341463414634146	0.52	0.8235294117647058	random_state	3
LBGM	['VogtmannE_2016', 'YachidaS_2019', 'WirbelJ_2018']	ThomasAM_2018a	subspecies	0.8376470588235294	0.6428571428571429	0.52	0.6341463414634146	0.52	0.8235294117647058	random_state	3
LBGM	['VogtmannE_2016', 'YachidaS_2019', 'WirbelJ_2018']	ThomasAM_2018a	subspecies	0.8376470588235294	0.6428571428571429	0.52	0.6341463414634146	0.52	0.8235294117647058	random_state	3
LBGM	['VogtmannE_2016', 'ZellerG_2014', 'WirbelJ_2018']	ThomasAM_2018a	subspecies	0.7388235294117647	0.7142857142857143	0.88	0.7857142857142856	0.88	0.47058823529411764	random_state	3
LBGM	['VogtmannE_2016', 'ZellerG_2014', 'WirbelJ_2018']	ThomasAM_2018a	subspecies	0.7388235294117647	0.7142857142857143	0.88	0.7857142857142856	0.88	0.47058823529411764	random_state	3
LBGM	['VogtmannE_2016', 'ZellerG_2014', 'WirbelJ_2018']	ThomasAM_2018a	subspecies	0.7388235294117647	0.7142857142857143	0.88	0.7857142857142856	0.88	0.47058823529411764	random_state	3
LBGM	['YuJ_2015', 'FengQ_2015', 'YachidaS_2019']	ThomasAM_2018a	subspecies	0.691764705882353	0.6428571428571429	0.76	0.7169811320754718	0.76	0.47058823529411764	random_state	3
LBGM	['YuJ_2015', 'FengQ_2015', 'YachidaS_2019']	ThomasAM_2018a	subspecies	0.691764705882353	0.6428571428571429	0.76	0.7169811320754718	0.76	0.47058823529411764	random_state	3
LBGM	['YuJ_2015', 'FengQ_2015', 'YachidaS_2019']	ThomasAM_2018a	subspecies	0.691764705882353	0.6428571428571429	0.76	0.7169811320754718	0.76	0.47058823529411764	random_state	3
LBGM	['YuJ_2015', 'FengQ_2015', 'ZellerG_2014']	ThomasAM_2018a	subspecies	0.6541176470588235	0.6190476190476191	1.0	0.7575757575757575	1.0	0.058823529411764705	random_state	3
LBGM	['YuJ_2015', 'FengQ_2015', 'ZellerG_2014']	ThomasAM_2018a	subspecies	0.6541176470588235	0.6190476190476191	1.0	0.7575757575757575	1.0	0.058823529411764705	random_state	3
LBGM	['YuJ_2015', 'FengQ_2015', 'ZellerG_2014']	ThomasAM_2018a	subspecies	0.6541176470588235	0.6190476190476191	1.0	0.7575757575757575	1.0	0.058823529411764705	random_state	3
LBGM	['YuJ_2015', 'FengQ_2015', 'WirbelJ_2018']	ThomasAM_2018a	subspecies	0.6635294117647059	0.6190476190476191	0.76	0.7037037037037037	0.76	0.4117647058823529	random_state	3
LBGM	['YuJ_2015', 'FengQ_2015', 'WirbelJ_2018']	ThomasAM_2018a	subspecies	0.6635294117647059	0.6190476190476191	0.76	0.7037037037037037	0.76	0.4117647058823529	random_state	3
LBGM	['YuJ_2015', 'FengQ_2015', 'WirbelJ_2018']	ThomasAM_2018a	subspecies	0.6635294117647059	0.6190476190476191	0.76	0.7037037037037037	0.76	0.4117647058823529	random_state	3
LBGM	['YuJ_2015', 'YachidaS_2019', 'ZellerG_2014']	ThomasAM_2018a	subspecies	0.5976470588235294	0.5476190476190477	0.8	0.6779661016949153	0.8	0.17647058823529413	random_state	3
LBGM	['YuJ_2015', 'YachidaS_2019', 'ZellerG_2014']	ThomasAM_2018a	subspecies	0.5976470588235294	0.5476190476190477	0.8	0.6779661016949153	0.8	0.17647058823529413	random_state	3
LBGM	['YuJ_2015', 'YachidaS_2019', 'ZellerG_2014']	ThomasAM_2018a	subspecies	0.5976470588235294	0.5476190476190477	0.8	0.6779661016949153	0.8	0.17647058823529413	random_state	3
LBGM	['YuJ_2015', 'YachidaS_2019', 'WirbelJ_2018']	ThomasAM_2018a	subspecies	0.6517647058823529	0.5714285714285714	0.4	0.5263157894736842	0.4	0.8235294117647058	random_state	3
LBGM	['YuJ_2015', 'YachidaS_2019', 'WirbelJ_2018']	ThomasAM_2018a	subspecies	0.6517647058823529	0.5714285714285714	0.4	0.5263157894736842	0.4	0.8235294117647058	random_state	3
LBGM	['YuJ_2015', 'YachidaS_2019', 'WirbelJ_2018']	ThomasAM_2018a	subspecies	0.6517647058823529	0.5714285714285714	0.4	0.5263157894736842	0.4	0.8235294117647058	random_state	3
LBGM	['YuJ_2015', 'ZellerG_2014', 'WirbelJ_2018']	ThomasAM_2018a	subspecies	0.6564705882352941	0.6904761904761905	0.92	0.7796610169491526	0.92	0.35294117647058826	random_state	3
LBGM	['YuJ_2015', 'ZellerG_2014', 'WirbelJ_2018']	ThomasAM_2018a	subspecies	0.6564705882352941	0.6904761904761905	0.92	0.7796610169491526	0.92	0.35294117647058826	random_state	3
LBGM	['YuJ_2015', 'ZellerG_2014', 'WirbelJ_2018']	ThomasAM_2018a	subspecies	0.6564705882352941	0.6904761904761905	0.92	0.7796610169491526	0.92	0.35294117647058826	random_state	3
LBGM	['FengQ_2015', 'YachidaS_2019', 'ZellerG_2014']	ThomasAM_2018a	subspecies	0.6799999999999999	0.5952380952380952	0.88	0.7213114754098361	0.88	0.17647058823529413	random_state	3
LBGM	['FengQ_2015', 'YachidaS_2019', 'ZellerG_2014']	ThomasAM_2018a	subspecies	0.6799999999999999	0.5952380952380952	0.88	0.7213114754098361	0.88	0.17647058823529413	random_state	3
LBGM	['FengQ_2015', 'YachidaS_2019', 'ZellerG_2014']	ThomasAM_2018a	subspecies	0.6799999999999999	0.5952380952380952	0.88	0.7213114754098361	0.88	0.17647058823529413	random_state	3
LBGM	['FengQ_2015', 'YachidaS_2019', 'WirbelJ_2018']	ThomasAM_2018a	subspecies	0.7011764705882353	0.6190476190476191	0.56	0.6363636363636364	0.56	0.7058823529411765	random_state	3
LBGM	['FengQ_2015', 'YachidaS_2019', 'WirbelJ_2018']	ThomasAM_2018a	subspecies	0.7011764705882353	0.6190476190476191	0.56	0.6363636363636364	0.56	0.7058823529411765	random_state	3
LBGM	['FengQ_2015', 'YachidaS_2019', 'WirbelJ_2018']	ThomasAM_2018a	subspecies	0.7011764705882353	0.6190476190476191	0.56	0.6363636363636364	0.56	0.7058823529411765	random_state	3
LBGM	['FengQ_2015', 'ZellerG_2014', 'WirbelJ_2018']	ThomasAM_2018a	subspecies	0.6729411764705883	0.7380952380952381	0.92	0.8070175438596492	0.92	0.47058823529411764	random_state	3
LBGM	['FengQ_2015', 'ZellerG_2014', 'WirbelJ_2018']	ThomasAM_2018a	subspecies	0.6729411764705883	0.7380952380952381	0.92	0.8070175438596492	0.92	0.47058823529411764	random_state	3
LBGM	['FengQ_2015', 'ZellerG_2014', 'WirbelJ_2018']	ThomasAM_2018a	subspecies	0.6729411764705883	0.7380952380952381	0.92	0.8070175438596492	0.92	0.47058823529411764	random_state	3
LBGM	['YachidaS_2019', 'ZellerG_2014', 'WirbelJ_2018']	ThomasAM_2018a	subspecies	0.703529411764706	0.6428571428571429	0.76	0.7169811320754718	0.76	0.47058823529411764	random_state	3
LBGM	['YachidaS_2019', 'ZellerG_2014', 'WirbelJ_2018']	ThomasAM_2018a	subspecies	0.703529411764706	0.6428571428571429	0.76	0.7169811320754718	0.76	0.47058823529411764	random_state	3
LBGM	['YachidaS_2019', 'ZellerG_2014', 'WirbelJ_2018']	ThomasAM_2018a	subspecies	0.703529411764706	0.6428571428571429	0.76	0.7169811320754718	0.76	0.47058823529411764	random_state	3
LBGM	['VogtmannE_2016', 'YuJ_2015', 'FengQ_2015', 'YachidaS_2019']	ThomasAM_2018a	subspecies	0.7670588235294118	0.6904761904761905	0.76	0.7450980392156863	0.76	0.5882352941176471	random_state	4
LBGM	['VogtmannE_2016', 'YuJ_2015', 'FengQ_2015', 'YachidaS_2019']	ThomasAM_2018a	subspecies	0.7670588235294118	0.6904761904761905	0.76	0.7450980392156863	0.76	0.5882352941176471	random_state	4
LBGM	['VogtmannE_2016', 'YuJ_2015', 'FengQ_2015', 'YachidaS_2019']	ThomasAM_2018a	subspecies	0.7670588235294118	0.6904761904761905	0.76	0.7450980392156863	0.76	0.5882352941176471	random_state	4
LBGM	['VogtmannE_2016', 'YuJ_2015', 'FengQ_2015', 'ZellerG_2014']	ThomasAM_2018a	subspecies	0.8117647058823529	0.5952380952380952	1.0	0.7462686567164178	1.0	0.0	random_state	4
LBGM	['VogtmannE_2016', 'YuJ_2015', 'FengQ_2015', 'ZellerG_2014']	ThomasAM_2018a	subspecies	0.8117647058823529	0.5952380952380952	1.0	0.7462686567164178	1.0	0.0	random_state	4
LBGM	['VogtmannE_2016', 'YuJ_2015', 'FengQ_2015', 'ZellerG_2014']	ThomasAM_2018a	subspecies	0.8117647058823529	0.5952380952380952	1.0	0.7462686567164178	1.0	0.0	random_state	4
LBGM	['VogtmannE_2016', 'YuJ_2015', 'FengQ_2015', 'WirbelJ_2018']	ThomasAM_2018a	subspecies	0.7788235294117647	0.7380952380952381	0.92	0.8070175438596492	0.92	0.47058823529411764	random_state	4
LBGM	['VogtmannE_2016', 'YuJ_2015', 'FengQ_2015', 'WirbelJ_2018']	ThomasAM_2018a	subspecies	0.7788235294117647	0.7380952380952381	0.92	0.8070175438596492	0.92	0.47058823529411764	random_state	4
LBGM	['VogtmannE_2016', 'YuJ_2015', 'FengQ_2015', 'WirbelJ_2018']	ThomasAM_2018a	subspecies	0.7788235294117647	0.7380952380952381	0.92	0.8070175438596492	0.92	0.47058823529411764	random_state	4
LBGM	['VogtmannE_2016', 'YuJ_2015', 'YachidaS_2019', 'ZellerG_2014']	ThomasAM_2018a	subspecies	0.8188235294117647	0.6904761904761905	0.88	0.7719298245614036	0.88	0.4117647058823529	random_state	4
LBGM	['VogtmannE_2016', 'YuJ_2015', 'YachidaS_2019', 'ZellerG_2014']	ThomasAM_2018a	subspecies	0.8188235294117647	0.6904761904761905	0.88	0.7719298245614036	0.88	0.4117647058823529	random_state	4
LBGM	['VogtmannE_2016', 'YuJ_2015', 'YachidaS_2019', 'ZellerG_2014']	ThomasAM_2018a	subspecies	0.8188235294117647	0.6904761904761905	0.88	0.7719298245614036	0.88	0.4117647058823529	random_state	4
LBGM	['VogtmannE_2016', 'YuJ_2015', 'YachidaS_2019', 'WirbelJ_2018']	ThomasAM_2018a	subspecies	0.8141176470588236	0.6190476190476191	0.48	0.6	0.48	0.8235294117647058	random_state	4
LBGM	['VogtmannE_2016', 'YuJ_2015', 'YachidaS_2019', 'WirbelJ_2018']	ThomasAM_2018a	subspecies	0.8141176470588236	0.6190476190476191	0.48	0.6	0.48	0.8235294117647058	random_state	4
LBGM	['VogtmannE_2016', 'YuJ_2015', 'YachidaS_2019', 'WirbelJ_2018']	ThomasAM_2018a	subspecies	0.8141176470588236	0.6190476190476191	0.48	0.6	0.48	0.8235294117647058	random_state	4
LBGM	['VogtmannE_2016', 'YuJ_2015', 'ZellerG_2014', 'WirbelJ_2018']	ThomasAM_2018a	subspecies	0.7458823529411764	0.7142857142857143	0.92	0.793103448275862	0.92	0.4117647058823529	random_state	4
LBGM	['VogtmannE_2016', 'YuJ_2015', 'ZellerG_2014', 'WirbelJ_2018']	ThomasAM_2018a	subspecies	0.7458823529411764	0.7142857142857143	0.92	0.793103448275862	0.92	0.4117647058823529	random_state	4
LBGM	['VogtmannE_2016', 'YuJ_2015', 'ZellerG_2014', 'WirbelJ_2018']	ThomasAM_2018a	subspecies	0.7458823529411764	0.7142857142857143	0.92	0.793103448275862	0.92	0.4117647058823529	random_state	4
LBGM	['VogtmannE_2016', 'FengQ_2015', 'YachidaS_2019', 'ZellerG_2014']	ThomasAM_2018a	subspecies	0.7905882352941177	0.6666666666666666	0.88	0.7586206896551725	0.88	0.35294117647058826	random_state	4
LBGM	['VogtmannE_2016', 'FengQ_2015', 'YachidaS_2019', 'ZellerG_2014']	ThomasAM_2018a	subspecies	0.7905882352941177	0.6666666666666666	0.88	0.7586206896551725	0.88	0.35294117647058826	random_state	4
LBGM	['VogtmannE_2016', 'FengQ_2015', 'YachidaS_2019', 'ZellerG_2014']	ThomasAM_2018a	subspecies	0.7905882352941177	0.6666666666666666	0.88	0.7586206896551725	0.88	0.35294117647058826	random_state	4
LBGM	['VogtmannE_2016', 'FengQ_2015', 'YachidaS_2019', 'WirbelJ_2018']	ThomasAM_2018a	subspecies	0.8305882352941176	0.6904761904761905	0.6	0.6976744186046512	0.6	0.8235294117647058	random_state	4
LBGM	['VogtmannE_2016', 'FengQ_2015', 'YachidaS_2019', 'WirbelJ_2018']	ThomasAM_2018a	subspecies	0.8305882352941176	0.6904761904761905	0.6	0.6976744186046512	0.6	0.8235294117647058	random_state	4
LBGM	['VogtmannE_2016', 'FengQ_2015', 'YachidaS_2019', 'WirbelJ_2018']	ThomasAM_2018a	subspecies	0.8305882352941176	0.6904761904761905	0.6	0.6976744186046512	0.6	0.8235294117647058	random_state	4
LBGM	['VogtmannE_2016', 'FengQ_2015', 'ZellerG_2014', 'WirbelJ_2018']	ThomasAM_2018a	subspecies	0.7482352941176471	0.7857142857142857	1.0	0.8474576271186441	1.0	0.47058823529411764	random_state	4
LBGM	['VogtmannE_2016', 'FengQ_2015', 'ZellerG_2014', 'WirbelJ_2018']	ThomasAM_2018a	subspecies	0.7482352941176471	0.7857142857142857	1.0	0.8474576271186441	1.0	0.47058823529411764	random_state	4
LBGM	['VogtmannE_2016', 'FengQ_2015', 'ZellerG_2014', 'WirbelJ_2018']	ThomasAM_2018a	subspecies	0.7482352941176471	0.7857142857142857	1.0	0.8474576271186441	1.0	0.47058823529411764	random_state	4
LBGM	['VogtmannE_2016', 'YachidaS_2019', 'ZellerG_2014', 'WirbelJ_2018']	ThomasAM_2018a	subspecies	0.788235294117647	0.7380952380952381	0.84	0.7924528301886793	0.84	0.5882352941176471	random_state	4
LBGM	['VogtmannE_2016', 'YachidaS_2019', 'ZellerG_2014', 'WirbelJ_2018']	ThomasAM_2018a	subspecies	0.788235294117647	0.7380952380952381	0.84	0.7924528301886793	0.84	0.5882352941176471	random_state	4
LBGM	['VogtmannE_2016', 'YachidaS_2019', 'ZellerG_2014', 'WirbelJ_2018']	ThomasAM_2018a	subspecies	0.788235294117647	0.7380952380952381	0.84	0.7924528301886793	0.84	0.5882352941176471	random_state	4
LBGM	['YuJ_2015', 'FengQ_2015', 'YachidaS_2019', 'ZellerG_2014']	ThomasAM_2018a	subspecies	0.6964705882352941	0.5476190476190477	0.8	0.6779661016949153	0.8	0.17647058823529413	random_state	4
LBGM	['YuJ_2015', 'FengQ_2015', 'YachidaS_2019', 'ZellerG_2014']	ThomasAM_2018a	subspecies	0.6964705882352941	0.5476190476190477	0.8	0.6779661016949153	0.8	0.17647058823529413	random_state	4
LBGM	['YuJ_2015', 'FengQ_2015', 'YachidaS_2019', 'ZellerG_2014']	ThomasAM_2018a	subspecies	0.6964705882352941	0.5476190476190477	0.8	0.6779661016949153	0.8	0.17647058823529413	random_state	4
LBGM	['YuJ_2015', 'FengQ_2015', 'YachidaS_2019', 'WirbelJ_2018']	ThomasAM_2018a	subspecies	0.6776470588235294	0.5952380952380952	0.6	0.6382978723404256	0.6	0.5882352941176471	random_state	4
LBGM	['YuJ_2015', 'FengQ_2015', 'YachidaS_2019', 'WirbelJ_2018']	ThomasAM_2018a	subspecies	0.6776470588235294	0.5952380952380952	0.6	0.6382978723404256	0.6	0.5882352941176471	random_state	4
LBGM	['YuJ_2015', 'FengQ_2015', 'YachidaS_2019', 'WirbelJ_2018']	ThomasAM_2018a	subspecies	0.6776470588235294	0.5952380952380952	0.6	0.6382978723404256	0.6	0.5882352941176471	random_state	4
LBGM	['YuJ_2015', 'FengQ_2015', 'ZellerG_2014', 'WirbelJ_2018']	ThomasAM_2018a	subspecies	0.6729411764705883	0.7857142857142857	1.0	0.8474576271186441	1.0	0.47058823529411764	random_state	4
LBGM	['YuJ_2015', 'FengQ_2015', 'ZellerG_2014', 'WirbelJ_2018']	ThomasAM_2018a	subspecies	0.6729411764705883	0.7857142857142857	1.0	0.8474576271186441	1.0	0.47058823529411764	random_state	4
LBGM	['YuJ_2015', 'FengQ_2015', 'ZellerG_2014', 'WirbelJ_2018']	ThomasAM_2018a	subspecies	0.6729411764705883	0.7857142857142857	1.0	0.8474576271186441	1.0	0.47058823529411764	random_state	4
LBGM	['YuJ_2015', 'YachidaS_2019', 'ZellerG_2014', 'WirbelJ_2018']	ThomasAM_2018a	subspecies	0.6588235294117647	0.6190476190476191	0.72	0.6923076923076923	0.72	0.47058823529411764	random_state	4
LBGM	['YuJ_2015', 'YachidaS_2019', 'ZellerG_2014', 'WirbelJ_2018']	ThomasAM_2018a	subspecies	0.6588235294117647	0.6190476190476191	0.72	0.6923076923076923	0.72	0.47058823529411764	random_state	4
LBGM	['YuJ_2015', 'YachidaS_2019', 'ZellerG_2014', 'WirbelJ_2018']	ThomasAM_2018a	subspecies	0.6588235294117647	0.6190476190476191	0.72	0.6923076923076923	0.72	0.47058823529411764	random_state	4
LBGM	['FengQ_2015', 'YachidaS_2019', 'ZellerG_2014', 'WirbelJ_2018']	ThomasAM_2018a	subspecies	0.7647058823529411	0.6666666666666666	0.8	0.7407407407407408	0.8	0.47058823529411764	random_state	4
LBGM	['FengQ_2015', 'YachidaS_2019', 'ZellerG_2014', 'WirbelJ_2018']	ThomasAM_2018a	subspecies	0.7647058823529411	0.6666666666666666	0.8	0.7407407407407408	0.8	0.47058823529411764	random_state	4
LBGM	['FengQ_2015', 'YachidaS_2019', 'ZellerG_2014', 'WirbelJ_2018']	ThomasAM_2018a	subspecies	0.7647058823529411	0.6666666666666666	0.8	0.7407407407407408	0.8	0.47058823529411764	random_state	4
LBGM	['VogtmannE_2016', 'YuJ_2015', 'FengQ_2015', 'YachidaS_2019', 'ZellerG_2014']	ThomasAM_2018a	subspecies	0.7835294117647059	0.6428571428571429	0.88	0.7457627118644068	0.88	0.29411764705882354	random_state	5
LBGM	['VogtmannE_2016', 'YuJ_2015', 'FengQ_2015', 'YachidaS_2019', 'ZellerG_2014']	ThomasAM_2018a	subspecies	0.7835294117647059	0.6428571428571429	0.88	0.7457627118644068	0.88	0.29411764705882354	random_state	5
LBGM	['VogtmannE_2016', 'YuJ_2015', 'FengQ_2015', 'YachidaS_2019', 'ZellerG_2014']	ThomasAM_2018a	subspecies	0.7835294117647059	0.6428571428571429	0.88	0.7457627118644068	0.88	0.29411764705882354	random_state	5
LBGM	['VogtmannE_2016', 'YuJ_2015', 'FengQ_2015', 'YachidaS_2019', 'WirbelJ_2018']	ThomasAM_2018a	subspecies	0.868235294117647	0.7619047619047619	0.72	0.782608695652174	0.72	0.8235294117647058	random_state	5
LBGM	['VogtmannE_2016', 'YuJ_2015', 'FengQ_2015', 'YachidaS_2019', 'WirbelJ_2018']	ThomasAM_2018a	subspecies	0.868235294117647	0.7619047619047619	0.72	0.782608695652174	0.72	0.8235294117647058	random_state	5
LBGM	['VogtmannE_2016', 'YuJ_2015', 'FengQ_2015', 'YachidaS_2019', 'WirbelJ_2018']	ThomasAM_2018a	subspecies	0.868235294117647	0.7619047619047619	0.72	0.782608695652174	0.72	0.8235294117647058	random_state	5
LBGM	['VogtmannE_2016', 'YuJ_2015', 'FengQ_2015', 'ZellerG_2014', 'WirbelJ_2018']	ThomasAM_2018a	subspecies	0.7647058823529411	0.7380952380952381	1.0	0.819672131147541	1.0	0.35294117647058826	random_state	5
LBGM	['VogtmannE_2016', 'YuJ_2015', 'FengQ_2015', 'ZellerG_2014', 'WirbelJ_2018']	ThomasAM_2018a	subspecies	0.7647058823529411	0.7380952380952381	1.0	0.819672131147541	1.0	0.35294117647058826	random_state	5
LBGM	['VogtmannE_2016', 'YuJ_2015', 'FengQ_2015', 'ZellerG_2014', 'WirbelJ_2018']	ThomasAM_2018a	subspecies	0.7647058823529411	0.7380952380952381	1.0	0.819672131147541	1.0	0.35294117647058826	random_state	5
LBGM	['VogtmannE_2016', 'YuJ_2015', 'YachidaS_2019', 'ZellerG_2014', 'WirbelJ_2018']	ThomasAM_2018a	subspecies	0.7764705882352941	0.7380952380952381	0.88	0.8	0.88	0.5294117647058824	random_state	5
LBGM	['VogtmannE_2016', 'YuJ_2015', 'YachidaS_2019', 'ZellerG_2014', 'WirbelJ_2018']	ThomasAM_2018a	subspecies	0.7764705882352941	0.7380952380952381	0.88	0.8	0.88	0.5294117647058824	random_state	5
LBGM	['VogtmannE_2016', 'YuJ_2015', 'YachidaS_2019', 'ZellerG_2014', 'WirbelJ_2018']	ThomasAM_2018a	subspecies	0.7764705882352941	0.7380952380952381	0.88	0.8	0.88	0.5294117647058824	random_state	5
LBGM	['VogtmannE_2016', 'FengQ_2015', 'YachidaS_2019', 'ZellerG_2014', 'WirbelJ_2018']	ThomasAM_2018a	subspecies	0.8235294117647058	0.7857142857142857	0.88	0.830188679245283	0.88	0.6470588235294118	random_state	5
LBGM	['VogtmannE_2016', 'FengQ_2015', 'YachidaS_2019', 'ZellerG_2014', 'WirbelJ_2018']	ThomasAM_2018a	subspecies	0.8235294117647058	0.7857142857142857	0.88	0.830188679245283	0.88	0.6470588235294118	random_state	5
LBGM	['VogtmannE_2016', 'FengQ_2015', 'YachidaS_2019', 'ZellerG_2014', 'WirbelJ_2018']	ThomasAM_2018a	subspecies	0.8235294117647058	0.7857142857142857	0.88	0.830188679245283	0.88	0.6470588235294118	random_state	5
LBGM	['YuJ_2015', 'FengQ_2015', 'YachidaS_2019', 'ZellerG_2014', 'WirbelJ_2018']	ThomasAM_2018a	subspecies	0.7129411764705882	0.6904761904761905	0.88	0.7719298245614036	0.88	0.4117647058823529	random_state	5
LBGM	['YuJ_2015', 'FengQ_2015', 'YachidaS_2019', 'ZellerG_2014', 'WirbelJ_2018']	ThomasAM_2018a	subspecies	0.7129411764705882	0.6904761904761905	0.88	0.7719298245614036	0.88	0.4117647058823529	random_state	5
LBGM	['YuJ_2015', 'FengQ_2015', 'YachidaS_2019', 'ZellerG_2014', 'WirbelJ_2018']	ThomasAM_2018a	subspecies	0.7129411764705882	0.6904761904761905	0.88	0.7719298245614036	0.88	0.4117647058823529	random_state	5
LBGM	['VogtmannE_2016', 'YuJ_2015', 'FengQ_2015', 'YachidaS_2019', 'ZellerG_2014', 'WirbelJ_2018']	ThomasAM_2018a	subspecies	0.7858823529411765	0.6666666666666666	0.8	0.7407407407407408	0.8	0.47058823529411764	random_state	6
LBGM	['VogtmannE_2016', 'YuJ_2015', 'FengQ_2015', 'YachidaS_2019', 'ZellerG_2014', 'WirbelJ_2018']	ThomasAM_2018a	subspecies	0.7858823529411765	0.6666666666666666	0.8	0.7407407407407408	0.8	0.47058823529411764	random_state	6
LBGM	['VogtmannE_2016', 'YuJ_2015', 'FengQ_2015', 'YachidaS_2019', 'ZellerG_2014', 'WirbelJ_2018']	ThomasAM_2018a	subspecies	0.7858823529411765	0.6666666666666666	0.8	0.7407407407407408	0.8	0.47058823529411764	random_state	6
LBGM	['VogtmannE_2016']	YuJ_2015	subspecies	0.6649668536460989	0.6141732283464567	0.6351351351351351	0.6573426573426574	0.6351351351351351	0.5849056603773585	random_state	1
LBGM	['VogtmannE_2016']	YuJ_2015	subspecies	0.6649668536460989	0.6141732283464567	0.6351351351351351	0.6573426573426574	0.6351351351351351	0.5849056603773585	random_state	1
LBGM	['VogtmannE_2016']	YuJ_2015	subspecies	0.6649668536460989	0.6141732283464567	0.6351351351351351	0.6573426573426574	0.6351351351351351	0.5849056603773585	random_state	1
LBGM	['ThomasAM_2018a']	YuJ_2015	subspecies	0.6397246302906681	0.6062992125984252	0.8648648648648649	0.7191011235955056	0.8648648648648649	0.24528301886792453	random_state	1
LBGM	['ThomasAM_2018a']	YuJ_2015	subspecies	0.6397246302906681	0.6062992125984252	0.8648648648648649	0.7191011235955056	0.8648648648648649	0.24528301886792453	random_state	1
LBGM	['ThomasAM_2018a']	YuJ_2015	subspecies	0.6397246302906681	0.6062992125984252	0.8648648648648649	0.7191011235955056	0.8648648648648649	0.24528301886792453	random_state	1
LBGM	['FengQ_2015']	YuJ_2015	subspecies	0.5721570627231005	0.5669291338582677	0.6351351351351351	0.6308724832214765	0.6351351351351351	0.4716981132075472	random_state	1
LBGM	['FengQ_2015']	YuJ_2015	subspecies	0.5721570627231005	0.5669291338582677	0.6351351351351351	0.6308724832214765	0.6351351351351351	0.4716981132075472	random_state	1
LBGM	['FengQ_2015']	YuJ_2015	subspecies	0.5721570627231005	0.5669291338582677	0.6351351351351351	0.6308724832214765	0.6351351351351351	0.4716981132075472	random_state	1
LBGM	['YachidaS_2019']	YuJ_2015	subspecies	0.8462519122896481	0.7874015748031497	0.7162162162162162	0.7969924812030076	0.7162162162162162	0.8867924528301887	random_state	1
LBGM	['YachidaS_2019']	YuJ_2015	subspecies	0.8462519122896481	0.7874015748031497	0.7162162162162162	0.7969924812030076	0.7162162162162162	0.8867924528301887	random_state	1
LBGM	['YachidaS_2019']	YuJ_2015	subspecies	0.8462519122896481	0.7874015748031497	0.7162162162162162	0.7969924812030076	0.7162162162162162	0.8867924528301887	random_state	1
LBGM	['ZellerG_2014']	YuJ_2015	subspecies	0.8026517083120857	0.7401574803149606	0.7837837837837838	0.7785234899328859	0.7837837837837838	0.6792452830188679	random_state	1
LBGM	['ZellerG_2014']	YuJ_2015	subspecies	0.8026517083120857	0.7401574803149606	0.7837837837837838	0.7785234899328859	0.7837837837837838	0.6792452830188679	random_state	1
LBGM	['ZellerG_2014']	YuJ_2015	subspecies	0.8026517083120857	0.7401574803149606	0.7837837837837838	0.7785234899328859	0.7837837837837838	0.6792452830188679	random_state	1
LBGM	['WirbelJ_2018']	YuJ_2015	subspecies	0.6876593574706782	0.5905511811023622	0.5540540540540541	0.6119402985074627	0.5540540540540541	0.6415094339622641	random_state	1
LBGM	['WirbelJ_2018']	YuJ_2015	subspecies	0.6876593574706782	0.5905511811023622	0.5540540540540541	0.6119402985074627	0.5540540540540541	0.6415094339622641	random_state	1
LBGM	['WirbelJ_2018']	YuJ_2015	subspecies	0.6876593574706782	0.5905511811023622	0.5540540540540541	0.6119402985074627	0.5540540540540541	0.6415094339622641	random_state	1
LBGM	['VogtmannE_2016', 'ThomasAM_2018a']	YuJ_2015	subspecies	0.7034676185619582	0.6771653543307087	0.7432432432432432	0.7284768211920529	0.7432432432432432	0.5849056603773585	random_state	2
LBGM	['VogtmannE_2016', 'ThomasAM_2018a']	YuJ_2015	subspecies	0.7034676185619582	0.6771653543307087	0.7432432432432432	0.7284768211920529	0.7432432432432432	0.5849056603773585	random_state	2
LBGM	['VogtmannE_2016', 'ThomasAM_2018a']	YuJ_2015	subspecies	0.7034676185619582	0.6771653543307087	0.7432432432432432	0.7284768211920529	0.7432432432432432	0.5849056603773585	random_state	2
LBGM	['VogtmannE_2016', 'FengQ_2015']	YuJ_2015	subspecies	0.8521162672106068	0.7952755905511811	0.8513513513513513	0.8289473684210527	0.8513513513513513	0.7169811320754716	random_state	2
LBGM	['VogtmannE_2016', 'FengQ_2015']	YuJ_2015	subspecies	0.8521162672106068	0.7952755905511811	0.8513513513513513	0.8289473684210527	0.8513513513513513	0.7169811320754716	random_state	2
LBGM	['VogtmannE_2016', 'FengQ_2015']	YuJ_2015	subspecies	0.8521162672106068	0.7952755905511811	0.8513513513513513	0.8289473684210527	0.8513513513513513	0.7169811320754716	random_state	2
LBGM	['VogtmannE_2016', 'YachidaS_2019']	YuJ_2015	subspecies	0.8597654258031616	0.7795275590551181	0.7837837837837838	0.8055555555555555	0.7837837837837838	0.7735849056603774	random_state	2
LBGM	['VogtmannE_2016', 'YachidaS_2019']	YuJ_2015	subspecies	0.8597654258031616	0.7795275590551181	0.7837837837837838	0.8055555555555555	0.7837837837837838	0.7735849056603774	random_state	2
LBGM	['VogtmannE_2016', 'YachidaS_2019']	YuJ_2015	subspecies	0.8597654258031616	0.7795275590551181	0.7837837837837838	0.8055555555555555	0.7837837837837838	0.7735849056603774	random_state	2
LBGM	['VogtmannE_2016', 'ZellerG_2014']	YuJ_2015	subspecies	0.7883732789393166	0.7322834645669292	0.7297297297297297	0.7605633802816901	0.7297297297297297	0.7358490566037735	random_state	2
LBGM	['VogtmannE_2016', 'ZellerG_2014']	YuJ_2015	subspecies	0.7883732789393166	0.7322834645669292	0.7297297297297297	0.7605633802816901	0.7297297297297297	0.7358490566037735	random_state	2
LBGM	['VogtmannE_2016', 'ZellerG_2014']	YuJ_2015	subspecies	0.7883732789393166	0.7322834645669292	0.7297297297297297	0.7605633802816901	0.7297297297297297	0.7358490566037735	random_state	2
LBGM	['VogtmannE_2016', 'WirbelJ_2018']	YuJ_2015	subspecies	0.7723100458949517	0.6299212598425197	0.527027027027027	0.6239999999999999	0.527027027027027	0.7735849056603774	random_state	2
LBGM	['VogtmannE_2016', 'WirbelJ_2018']	YuJ_2015	subspecies	0.7723100458949517	0.6299212598425197	0.527027027027027	0.6239999999999999	0.527027027027027	0.7735849056603774	random_state	2
LBGM	['VogtmannE_2016', 'WirbelJ_2018']	YuJ_2015	subspecies	0.7723100458949517	0.6299212598425197	0.527027027027027	0.6239999999999999	0.527027027027027	0.7735849056603774	random_state	2
LBGM	['ThomasAM_2018a', 'FengQ_2015']	YuJ_2015	subspecies	0.6833248342682305	0.6614173228346457	0.8648648648648649	0.7485380116959065	0.8648648648648649	0.37735849056603776	random_state	2
LBGM	['ThomasAM_2018a', 'FengQ_2015']	YuJ_2015	subspecies	0.6833248342682305	0.6614173228346457	0.8648648648648649	0.7485380116959065	0.8648648648648649	0.37735849056603776	random_state	2
LBGM	['ThomasAM_2018a', 'FengQ_2015']	YuJ_2015	subspecies	0.6833248342682305	0.6614173228346457	0.8648648648648649	0.7485380116959065	0.8648648648648649	0.37735849056603776	random_state	2
LBGM	['ThomasAM_2018a', 'YachidaS_2019']	YuJ_2015	subspecies	0.8600203977562468	0.8031496062992126	0.7432432432432432	0.8148148148148148	0.7432432432432432	0.8867924528301887	random_state	2
LBGM	['ThomasAM_2018a', 'YachidaS_2019']	YuJ_2015	subspecies	0.8600203977562468	0.8031496062992126	0.7432432432432432	0.8148148148148148	0.7432432432432432	0.8867924528301887	random_state	2
LBGM	['ThomasAM_2018a', 'YachidaS_2019']	YuJ_2015	subspecies	0.8600203977562468	0.8031496062992126	0.7432432432432432	0.8148148148148148	0.7432432432432432	0.8867924528301887	random_state	2
LBGM	['ThomasAM_2018a', 'ZellerG_2014']	YuJ_2015	subspecies	0.8276389597144316	0.7637795275590551	0.7432432432432432	0.7857142857142858	0.7432432432432432	0.7924528301886793	random_state	2
LBGM	['ThomasAM_2018a', 'ZellerG_2014']	YuJ_2015	subspecies	0.8276389597144316	0.7637795275590551	0.7432432432432432	0.7857142857142858	0.7432432432432432	0.7924528301886793	random_state	2
LBGM	['ThomasAM_2018a', 'ZellerG_2014']	YuJ_2015	subspecies	0.8276389597144316	0.7637795275590551	0.7432432432432432	0.7857142857142858	0.7432432432432432	0.7924528301886793	random_state	2
LBGM	['ThomasAM_2018a', 'WirbelJ_2018']	YuJ_2015	subspecies	0.801631820499745	0.7244094488188977	0.6351351351351351	0.7286821705426355	0.6351351351351351	0.8490566037735849	random_state	2
LBGM	['ThomasAM_2018a', 'WirbelJ_2018']	YuJ_2015	subspecies	0.801631820499745	0.7244094488188977	0.6351351351351351	0.7286821705426355	0.6351351351351351	0.8490566037735849	random_state	2
LBGM	['ThomasAM_2018a', 'WirbelJ_2018']	YuJ_2015	subspecies	0.801631820499745	0.7244094488188977	0.6351351351351351	0.7286821705426355	0.6351351351351351	0.8490566037735849	random_state	2
LBGM	['FengQ_2015', 'YachidaS_2019']	YuJ_2015	subspecies	0.8679245283018868	0.8188976377952756	0.7432432432432432	0.8270676691729323	0.7432432432432432	0.9245283018867925	random_state	2
LBGM	['FengQ_2015', 'YachidaS_2019']	YuJ_2015	subspecies	0.8679245283018868	0.8188976377952756	0.7432432432432432	0.8270676691729323	0.7432432432432432	0.9245283018867925	random_state	2
LBGM	['FengQ_2015', 'YachidaS_2019']	YuJ_2015	subspecies	0.8679245283018868	0.8188976377952756	0.7432432432432432	0.8270676691729323	0.7432432432432432	0.9245283018867925	random_state	2
LBGM	['FengQ_2015', 'ZellerG_2014']	YuJ_2015	subspecies	0.8125956144824069	0.7637795275590551	0.8378378378378378	0.8051948051948051	0.8378378378378378	0.660377358490566	random_state	2
LBGM	['FengQ_2015', 'ZellerG_2014']	YuJ_2015	subspecies	0.8125956144824069	0.7637795275590551	0.8378378378378378	0.8051948051948051	0.8378378378378378	0.660377358490566	random_state	2
LBGM	['FengQ_2015', 'ZellerG_2014']	YuJ_2015	subspecies	0.8125956144824069	0.7637795275590551	0.8378378378378378	0.8051948051948051	0.8378378378378378	0.660377358490566	random_state	2
LBGM	['FengQ_2015', 'WirbelJ_2018']	YuJ_2015	subspecies	0.8340132585415605	0.7401574803149606	0.7162162162162162	0.762589928057554	0.7162162162162162	0.7735849056603774	random_state	2
LBGM	['FengQ_2015', 'WirbelJ_2018']	YuJ_2015	subspecies	0.8340132585415605	0.7401574803149606	0.7162162162162162	0.762589928057554	0.7162162162162162	0.7735849056603774	random_state	2
LBGM	['FengQ_2015', 'WirbelJ_2018']	YuJ_2015	subspecies	0.8340132585415605	0.7401574803149606	0.7162162162162162	0.762589928057554	0.7162162162162162	0.7735849056603774	random_state	2
LBGM	['YachidaS_2019', 'ZellerG_2014']	YuJ_2015	subspecies	0.8276389597144314	0.7480314960629921	0.6756756756756757	0.7575757575757576	0.6756756756756757	0.8490566037735849	random_state	2
LBGM	['YachidaS_2019', 'ZellerG_2014']	YuJ_2015	subspecies	0.8276389597144314	0.7480314960629921	0.6756756756756757	0.7575757575757576	0.6756756756756757	0.8490566037735849	random_state	2
LBGM	['YachidaS_2019', 'ZellerG_2014']	YuJ_2015	subspecies	0.8276389597144314	0.7480314960629921	0.6756756756756757	0.7575757575757576	0.6756756756756757	0.8490566037735849	random_state	2
LBGM	['YachidaS_2019', 'WirbelJ_2018']	YuJ_2015	subspecies	0.8791432942376339	0.8031496062992126	0.7162162162162162	0.8091603053435115	0.7162162162162162	0.9245283018867925	random_state	2
LBGM	['YachidaS_2019', 'WirbelJ_2018']	YuJ_2015	subspecies	0.8791432942376339	0.8031496062992126	0.7162162162162162	0.8091603053435115	0.7162162162162162	0.9245283018867925	random_state	2
LBGM	['YachidaS_2019', 'WirbelJ_2018']	YuJ_2015	subspecies	0.8791432942376339	0.8031496062992126	0.7162162162162162	0.8091603053435115	0.7162162162162162	0.9245283018867925	random_state	2
LBGM	['ZellerG_2014', 'WirbelJ_2018']	YuJ_2015	subspecies	0.8429372768995411	0.7637795275590551	0.8378378378378378	0.8051948051948051	0.8378378378378378	0.660377358490566	random_state	2
LBGM	['ZellerG_2014', 'WirbelJ_2018']	YuJ_2015	subspecies	0.8429372768995411	0.7637795275590551	0.8378378378378378	0.8051948051948051	0.8378378378378378	0.660377358490566	random_state	2
LBGM	['ZellerG_2014', 'WirbelJ_2018']	YuJ_2015	subspecies	0.8429372768995411	0.7637795275590551	0.8378378378378378	0.8051948051948051	0.8378378378378378	0.660377358490566	random_state	2
LBGM	['VogtmannE_2016', 'ThomasAM_2018a', 'FengQ_2015']	YuJ_2015	subspecies	0.8421723610402856	0.7716535433070866	0.8108108108108109	0.8053691275167786	0.8108108108108109	0.7169811320754716	random_state	3
LBGM	['VogtmannE_2016', 'ThomasAM_2018a', 'FengQ_2015']	YuJ_2015	subspecies	0.8421723610402856	0.7716535433070866	0.8108108108108109	0.8053691275167786	0.8108108108108109	0.7169811320754716	random_state	3
LBGM	['VogtmannE_2016', 'ThomasAM_2018a', 'FengQ_2015']	YuJ_2015	subspecies	0.8421723610402856	0.7716535433070866	0.8108108108108109	0.8053691275167786	0.8108108108108109	0.7169811320754716	random_state	3
LBGM	['VogtmannE_2016', 'ThomasAM_2018a', 'YachidaS_2019']	YuJ_2015	subspecies	0.8592554818969913	0.7874015748031497	0.8108108108108109	0.8163265306122449	0.8108108108108109	0.7547169811320755	random_state	3
LBGM	['VogtmannE_2016', 'ThomasAM_2018a', 'YachidaS_2019']	YuJ_2015	subspecies	0.8592554818969913	0.7874015748031497	0.8108108108108109	0.8163265306122449	0.8108108108108109	0.7547169811320755	random_state	3
LBGM	['VogtmannE_2016', 'ThomasAM_2018a', 'YachidaS_2019']	YuJ_2015	subspecies	0.8592554818969913	0.7874015748031497	0.8108108108108109	0.8163265306122449	0.8108108108108109	0.7547169811320755	random_state	3
LBGM	['VogtmannE_2016', 'ThomasAM_2018a', 'ZellerG_2014']	YuJ_2015	subspecies	0.7835288118306987	0.7244094488188977	0.6621621621621622	0.7368421052631579	0.6621621621621622	0.8113207547169812	random_state	3
LBGM	['VogtmannE_2016', 'ThomasAM_2018a', 'ZellerG_2014']	YuJ_2015	subspecies	0.7835288118306987	0.7244094488188977	0.6621621621621622	0.7368421052631579	0.6621621621621622	0.8113207547169812	random_state	3
LBGM	['VogtmannE_2016', 'ThomasAM_2018a', 'ZellerG_2014']	YuJ_2015	subspecies	0.7835288118306987	0.7244094488188977	0.6621621621621622	0.7368421052631579	0.6621621621621622	0.8113207547169812	random_state	3
LBGM	['VogtmannE_2016', 'ThomasAM_2018a', 'WirbelJ_2018']	YuJ_2015	subspecies	0.7937276899541051	0.6614173228346457	0.6081081081081081	0.6766917293233082	0.6081081081081081	0.7358490566037735	random_state	3
LBGM	['VogtmannE_2016', 'ThomasAM_2018a', 'WirbelJ_2018']	YuJ_2015	subspecies	0.7937276899541051	0.6614173228346457	0.6081081081081081	0.6766917293233082	0.6081081081081081	0.7358490566037735	random_state	3
LBGM	['VogtmannE_2016', 'ThomasAM_2018a', 'WirbelJ_2018']	YuJ_2015	subspecies	0.7937276899541051	0.6614173228346457	0.6081081081081081	0.6766917293233082	0.6081081081081081	0.7358490566037735	random_state	3
LBGM	['VogtmannE_2016', 'FengQ_2015', 'YachidaS_2019']	YuJ_2015	subspecies	0.8694543600203979	0.8110236220472441	0.8243243243243243	0.8356164383561645	0.8243243243243243	0.7924528301886793	random_state	3
LBGM	['VogtmannE_2016', 'FengQ_2015', 'YachidaS_2019']	YuJ_2015	subspecies	0.8694543600203979	0.8110236220472441	0.8243243243243243	0.8356164383561645	0.8243243243243243	0.7924528301886793	random_state	3
LBGM	['VogtmannE_2016', 'FengQ_2015', 'YachidaS_2019']	YuJ_2015	subspecies	0.8694543600203979	0.8110236220472441	0.8243243243243243	0.8356164383561645	0.8243243243243243	0.7924528301886793	random_state	3
LBGM	['VogtmannE_2016', 'FengQ_2015', 'ZellerG_2014']	YuJ_2015	subspecies	0.8281489036206018	0.7401574803149606	0.7567567567567568	0.7724137931034482	0.7567567567567568	0.7169811320754716	random_state	3
LBGM	['VogtmannE_2016', 'FengQ_2015', 'ZellerG_2014']	YuJ_2015	subspecies	0.8281489036206018	0.7401574803149606	0.7567567567567568	0.7724137931034482	0.7567567567567568	0.7169811320754716	random_state	3
LBGM	['VogtmannE_2016', 'FengQ_2015', 'ZellerG_2014']	YuJ_2015	subspecies	0.8281489036206018	0.7401574803149606	0.7567567567567568	0.7724137931034482	0.7567567567567568	0.7169811320754716	random_state	3
LBGM	['VogtmannE_2016', 'FengQ_2015', 'WirbelJ_2018']	YuJ_2015	subspecies	0.8954614992350841	0.8267716535433071	0.8108108108108109	0.8450704225352113	0.8108108108108109	0.8490566037735849	random_state	3
LBGM	['VogtmannE_2016', 'FengQ_2015', 'WirbelJ_2018']	YuJ_2015	subspecies	0.8954614992350841	0.8267716535433071	0.8108108108108109	0.8450704225352113	0.8108108108108109	0.8490566037735849	random_state	3
LBGM	['VogtmannE_2016', 'FengQ_2015', 'WirbelJ_2018']	YuJ_2015	subspecies	0.8954614992350841	0.8267716535433071	0.8108108108108109	0.8450704225352113	0.8108108108108109	0.8490566037735849	random_state	3
LBGM	['VogtmannE_2016', 'YachidaS_2019', 'ZellerG_2014']	YuJ_2015	subspecies	0.8625701172870983	0.7795275590551181	0.7432432432432432	0.7971014492753623	0.7432432432432432	0.8301886792452831	random_state	3
LBGM	['VogtmannE_2016', 'YachidaS_2019', 'ZellerG_2014']	YuJ_2015	subspecies	0.8625701172870983	0.7795275590551181	0.7432432432432432	0.7971014492753623	0.7432432432432432	0.8301886792452831	random_state	3
LBGM	['VogtmannE_2016', 'YachidaS_2019', 'ZellerG_2014']	YuJ_2015	subspecies	0.8625701172870983	0.7795275590551181	0.7432432432432432	0.7971014492753623	0.7432432432432432	0.8301886792452831	random_state	3
LBGM	['VogtmannE_2016', 'YachidaS_2019', 'WirbelJ_2018']	YuJ_2015	subspecies	0.8720040795512494	0.8031496062992126	0.7837837837837838	0.8226950354609929	0.7837837837837838	0.8301886792452831	random_state	3
LBGM	['VogtmannE_2016', 'YachidaS_2019', 'WirbelJ_2018']	YuJ_2015	subspecies	0.8720040795512494	0.8031496062992126	0.7837837837837838	0.8226950354609929	0.7837837837837838	0.8301886792452831	random_state	3
LBGM	['VogtmannE_2016', 'YachidaS_2019', 'WirbelJ_2018']	YuJ_2015	subspecies	0.8720040795512494	0.8031496062992126	0.7837837837837838	0.8226950354609929	0.7837837837837838	0.8301886792452831	random_state	3
LBGM	['VogtmannE_2016', 'ZellerG_2014', 'WirbelJ_2018']	YuJ_2015	subspecies	0.8462519122896481	0.7637795275590551	0.7432432432432432	0.7857142857142858	0.7432432432432432	0.7924528301886793	random_state	3
LBGM	['VogtmannE_2016', 'ZellerG_2014', 'WirbelJ_2018']	YuJ_2015	subspecies	0.8462519122896481	0.7637795275590551	0.7432432432432432	0.7857142857142858	0.7432432432432432	0.7924528301886793	random_state	3
LBGM	['VogtmannE_2016', 'ZellerG_2014', 'WirbelJ_2018']	YuJ_2015	subspecies	0.8462519122896481	0.7637795275590551	0.7432432432432432	0.7857142857142858	0.7432432432432432	0.7924528301886793	random_state	3
LBGM	['ThomasAM_2018a', 'FengQ_2015', 'YachidaS_2019']	YuJ_2015	subspecies	0.8495665476797553	0.7874015748031497	0.7837837837837838	0.8111888111888113	0.7837837837837838	0.7924528301886793	random_state	3
LBGM	['ThomasAM_2018a', 'FengQ_2015', 'YachidaS_2019']	YuJ_2015	subspecies	0.8495665476797553	0.7874015748031497	0.7837837837837838	0.8111888111888113	0.7837837837837838	0.7924528301886793	random_state	3
LBGM	['ThomasAM_2018a', 'FengQ_2015', 'YachidaS_2019']	YuJ_2015	subspecies	0.8495665476797553	0.7874015748031497	0.7837837837837838	0.8111888111888113	0.7837837837837838	0.7924528301886793	random_state	3
LBGM	['ThomasAM_2018a', 'FengQ_2015', 'ZellerG_2014']	YuJ_2015	subspecies	0.8090260071392147	0.7007874015748031	0.6891891891891891	0.7285714285714284	0.6891891891891891	0.7169811320754716	random_state	3
LBGM	['ThomasAM_2018a', 'FengQ_2015', 'ZellerG_2014']	YuJ_2015	subspecies	0.8090260071392147	0.7007874015748031	0.6891891891891891	0.7285714285714284	0.6891891891891891	0.7169811320754716	random_state	3
LBGM	['ThomasAM_2018a', 'FengQ_2015', 'ZellerG_2014']	YuJ_2015	subspecies	0.8090260071392147	0.7007874015748031	0.6891891891891891	0.7285714285714284	0.6891891891891891	0.7169811320754716	random_state	3
LBGM	['ThomasAM_2018a', 'FengQ_2015', 'WirbelJ_2018']	YuJ_2015	subspecies	0.8184599694033657	0.7165354330708661	0.7162162162162162	0.7464788732394366	0.7162162162162162	0.7169811320754716	random_state	3
LBGM	['ThomasAM_2018a', 'FengQ_2015', 'WirbelJ_2018']	YuJ_2015	subspecies	0.8184599694033657	0.7165354330708661	0.7162162162162162	0.7464788732394366	0.7162162162162162	0.7169811320754716	random_state	3
LBGM	['ThomasAM_2018a', 'FengQ_2015', 'WirbelJ_2018']	YuJ_2015	subspecies	0.8184599694033657	0.7165354330708661	0.7162162162162162	0.7464788732394366	0.7162162162162162	0.7169811320754716	random_state	3
LBGM	['ThomasAM_2018a', 'YachidaS_2019', 'ZellerG_2014']	YuJ_2015	subspecies	0.8452320244773074	0.7874015748031497	0.7027027027027027	0.7938931297709922	0.7027027027027027	0.9056603773584906	random_state	3
LBGM	['ThomasAM_2018a', 'YachidaS_2019', 'ZellerG_2014']	YuJ_2015	subspecies	0.8452320244773074	0.7874015748031497	0.7027027027027027	0.7938931297709922	0.7027027027027027	0.9056603773584906	random_state	3
LBGM	['ThomasAM_2018a', 'YachidaS_2019', 'ZellerG_2014']	YuJ_2015	subspecies	0.8452320244773074	0.7874015748031497	0.7027027027027027	0.7938931297709922	0.7027027027027027	0.9056603773584906	random_state	3
LBGM	['ThomasAM_2018a', 'YachidaS_2019', 'WirbelJ_2018']	YuJ_2015	subspecies	0.8786333503314636	0.8031496062992126	0.7162162162162162	0.8091603053435115	0.7162162162162162	0.9245283018867925	random_state	3
LBGM	['ThomasAM_2018a', 'YachidaS_2019', 'WirbelJ_2018']	YuJ_2015	subspecies	0.8786333503314636	0.8031496062992126	0.7162162162162162	0.8091603053435115	0.7162162162162162	0.9245283018867925	random_state	3
LBGM	['ThomasAM_2018a', 'YachidaS_2019', 'WirbelJ_2018']	YuJ_2015	subspecies	0.8786333503314636	0.8031496062992126	0.7162162162162162	0.8091603053435115	0.7162162162162162	0.9245283018867925	random_state	3
LBGM	['ThomasAM_2018a', 'ZellerG_2014', 'WirbelJ_2018']	YuJ_2015	subspecies	0.8447220805711372	0.7322834645669292	0.7567567567567568	0.7671232876712328	0.7567567567567568	0.6981132075471698	random_state	3
LBGM	['ThomasAM_2018a', 'ZellerG_2014', 'WirbelJ_2018']	YuJ_2015	subspecies	0.8447220805711372	0.7322834645669292	0.7567567567567568	0.7671232876712328	0.7567567567567568	0.6981132075471698	random_state	3
LBGM	['ThomasAM_2018a', 'ZellerG_2014', 'WirbelJ_2018']	YuJ_2015	subspecies	0.8447220805711372	0.7322834645669292	0.7567567567567568	0.7671232876712328	0.7567567567567568	0.6981132075471698	random_state	3
LBGM	['FengQ_2015', 'YachidaS_2019', 'ZellerG_2014']	YuJ_2015	subspecies	0.8720040795512494	0.8110236220472441	0.7027027027027027	0.8125	0.7027027027027027	0.9622641509433962	random_state	3
LBGM	['FengQ_2015', 'YachidaS_2019', 'ZellerG_2014']	YuJ_2015	subspecies	0.8720040795512494	0.8110236220472441	0.7027027027027027	0.8125	0.7027027027027027	0.9622641509433962	random_state	3
LBGM	['FengQ_2015', 'YachidaS_2019', 'ZellerG_2014']	YuJ_2015	subspecies	0.8720040795512494	0.8110236220472441	0.7027027027027027	0.8125	0.7027027027027027	0.9622641509433962	random_state	3
LBGM	['FengQ_2015', 'YachidaS_2019', 'WirbelJ_2018']	YuJ_2015	subspecies	0.8750637429882713	0.7874015748031497	0.6891891891891891	0.7906976744186047	0.6891891891891891	0.9245283018867925	random_state	3
LBGM	['FengQ_2015', 'YachidaS_2019', 'WirbelJ_2018']	YuJ_2015	subspecies	0.8750637429882713	0.7874015748031497	0.6891891891891891	0.7906976744186047	0.6891891891891891	0.9245283018867925	random_state	3
LBGM	['FengQ_2015', 'YachidaS_2019', 'WirbelJ_2018']	YuJ_2015	subspecies	0.8750637429882713	0.7874015748031497	0.6891891891891891	0.7906976744186047	0.6891891891891891	0.9245283018867925	random_state	3
LBGM	['FengQ_2015', 'ZellerG_2014', 'WirbelJ_2018']	YuJ_2015	subspecies	0.8567057623661398	0.7716535433070866	0.8108108108108109	0.8053691275167786	0.8108108108108109	0.7169811320754716	random_state	3
LBGM	['FengQ_2015', 'ZellerG_2014', 'WirbelJ_2018']	YuJ_2015	subspecies	0.8567057623661398	0.7716535433070866	0.8108108108108109	0.8053691275167786	0.8108108108108109	0.7169811320754716	random_state	3
LBGM	['FengQ_2015', 'ZellerG_2014', 'WirbelJ_2018']	YuJ_2015	subspecies	0.8567057623661398	0.7716535433070866	0.8108108108108109	0.8053691275167786	0.8108108108108109	0.7169811320754716	random_state	3
LBGM	['YachidaS_2019', 'ZellerG_2014', 'WirbelJ_2018']	YuJ_2015	subspecies	0.8602753697093319	0.7637795275590551	0.7027027027027027	0.7761194029850748	0.7027027027027027	0.8490566037735849	random_state	3
LBGM	['YachidaS_2019', 'ZellerG_2014', 'WirbelJ_2018']	YuJ_2015	subspecies	0.8602753697093319	0.7637795275590551	0.7027027027027027	0.7761194029850748	0.7027027027027027	0.8490566037735849	random_state	3
LBGM	['YachidaS_2019', 'ZellerG_2014', 'WirbelJ_2018']	YuJ_2015	subspecies	0.8602753697093319	0.7637795275590551	0.7027027027027027	0.7761194029850748	0.7027027027027027	0.8490566037735849	random_state	3
LBGM	['VogtmannE_2016', 'ThomasAM_2018a', 'FengQ_2015', 'YachidaS_2019']	YuJ_2015	subspecies	0.8720040795512494	0.8110236220472441	0.8513513513513513	0.8400000000000001	0.8513513513513513	0.7547169811320755	random_state	4
LBGM	['VogtmannE_2016', 'ThomasAM_2018a', 'FengQ_2015', 'YachidaS_2019']	YuJ_2015	subspecies	0.8720040795512494	0.8110236220472441	0.8513513513513513	0.8400000000000001	0.8513513513513513	0.7547169811320755	random_state	4
LBGM	['VogtmannE_2016', 'ThomasAM_2018a', 'FengQ_2015', 'YachidaS_2019']	YuJ_2015	subspecies	0.8720040795512494	0.8110236220472441	0.8513513513513513	0.8400000000000001	0.8513513513513513	0.7547169811320755	random_state	4
LBGM	['VogtmannE_2016', 'ThomasAM_2018a', 'FengQ_2015', 'ZellerG_2014']	YuJ_2015	subspecies	0.8090260071392147	0.7007874015748031	0.7162162162162162	0.736111111111111	0.7162162162162162	0.6792452830188679	random_state	4
LBGM	['VogtmannE_2016', 'ThomasAM_2018a', 'FengQ_2015', 'ZellerG_2014']	YuJ_2015	subspecies	0.8090260071392147	0.7007874015748031	0.7162162162162162	0.736111111111111	0.7162162162162162	0.6792452830188679	random_state	4
LBGM	['VogtmannE_2016', 'ThomasAM_2018a', 'FengQ_2015', 'ZellerG_2014']	YuJ_2015	subspecies	0.8090260071392147	0.7007874015748031	0.7162162162162162	0.736111111111111	0.7162162162162162	0.6792452830188679	random_state	4
LBGM	['VogtmannE_2016', 'ThomasAM_2018a', 'FengQ_2015', 'WirbelJ_2018']	YuJ_2015	subspecies	0.8732789393166752	0.7795275590551181	0.7702702702702703	0.8028169014084507	0.7702702702702703	0.7924528301886793	random_state	4
LBGM	['VogtmannE_2016', 'ThomasAM_2018a', 'FengQ_2015', 'WirbelJ_2018']	YuJ_2015	subspecies	0.8732789393166752	0.7795275590551181	0.7702702702702703	0.8028169014084507	0.7702702702702703	0.7924528301886793	random_state	4
LBGM	['VogtmannE_2016', 'ThomasAM_2018a', 'FengQ_2015', 'WirbelJ_2018']	YuJ_2015	subspecies	0.8732789393166752	0.7795275590551181	0.7702702702702703	0.8028169014084507	0.7702702702702703	0.7924528301886793	random_state	4
LBGM	['VogtmannE_2016', 'ThomasAM_2018a', 'YachidaS_2019', 'ZellerG_2014']	YuJ_2015	subspecies	0.8640999490056094	0.7874015748031497	0.7972972972972973	0.8137931034482759	0.7972972972972973	0.7735849056603774	random_state	4
LBGM	['VogtmannE_2016', 'ThomasAM_2018a', 'YachidaS_2019', 'ZellerG_2014']	YuJ_2015	subspecies	0.8640999490056094	0.7874015748031497	0.7972972972972973	0.8137931034482759	0.7972972972972973	0.7735849056603774	random_state	4
LBGM	['VogtmannE_2016', 'ThomasAM_2018a', 'YachidaS_2019', 'ZellerG_2014']	YuJ_2015	subspecies	0.8640999490056094	0.7874015748031497	0.7972972972972973	0.8137931034482759	0.7972972972972973	0.7735849056603774	random_state	4
LBGM	['VogtmannE_2016', 'ThomasAM_2018a', 'YachidaS_2019', 'WirbelJ_2018']	YuJ_2015	subspecies	0.8684344722080571	0.8031496062992126	0.7837837837837838	0.8226950354609929	0.7837837837837838	0.8301886792452831	random_state	4
LBGM	['VogtmannE_2016', 'ThomasAM_2018a', 'YachidaS_2019', 'WirbelJ_2018']	YuJ_2015	subspecies	0.8684344722080571	0.8031496062992126	0.7837837837837838	0.8226950354609929	0.7837837837837838	0.8301886792452831	random_state	4
LBGM	['VogtmannE_2016', 'ThomasAM_2018a', 'YachidaS_2019', 'WirbelJ_2018']	YuJ_2015	subspecies	0.8684344722080571	0.8031496062992126	0.7837837837837838	0.8226950354609929	0.7837837837837838	0.8301886792452831	random_state	4
LBGM	['VogtmannE_2016', 'ThomasAM_2018a', 'ZellerG_2014', 'WirbelJ_2018']	YuJ_2015	subspecies	0.8544110147883732	0.7480314960629921	0.6891891891891891	0.7611940298507462	0.6891891891891891	0.8301886792452831	random_state	4
LBGM	['VogtmannE_2016', 'ThomasAM_2018a', 'ZellerG_2014', 'WirbelJ_2018']	YuJ_2015	subspecies	0.8544110147883732	0.7480314960629921	0.6891891891891891	0.7611940298507462	0.6891891891891891	0.8301886792452831	random_state	4
LBGM	['VogtmannE_2016', 'ThomasAM_2018a', 'ZellerG_2014', 'WirbelJ_2018']	YuJ_2015	subspecies	0.8544110147883732	0.7480314960629921	0.6891891891891891	0.7611940298507462	0.6891891891891891	0.8301886792452831	random_state	4
LBGM	['VogtmannE_2016', 'FengQ_2015', 'YachidaS_2019', 'ZellerG_2014']	YuJ_2015	subspecies	0.8521162672106068	0.7559055118110236	0.7297297297297297	0.7769784172661871	0.7297297297297297	0.7924528301886793	random_state	4
LBGM	['VogtmannE_2016', 'FengQ_2015', 'YachidaS_2019', 'ZellerG_2014']	YuJ_2015	subspecies	0.8521162672106068	0.7559055118110236	0.7297297297297297	0.7769784172661871	0.7297297297297297	0.7924528301886793	random_state	4
LBGM	['VogtmannE_2016', 'FengQ_2015', 'YachidaS_2019', 'ZellerG_2014']	YuJ_2015	subspecies	0.8521162672106068	0.7559055118110236	0.7297297297297297	0.7769784172661871	0.7297297297297297	0.7924528301886793	random_state	4
LBGM	['VogtmannE_2016', 'FengQ_2015', 'YachidaS_2019', 'WirbelJ_2018']	YuJ_2015	subspecies	0.8822029576746558	0.8031496062992126	0.7567567567567568	0.8175182481751826	0.7567567567567568	0.8679245283018868	random_state	4
LBGM	['VogtmannE_2016', 'FengQ_2015', 'YachidaS_2019', 'WirbelJ_2018']	YuJ_2015	subspecies	0.8822029576746558	0.8031496062992126	0.7567567567567568	0.8175182481751826	0.7567567567567568	0.8679245283018868	random_state	4
LBGM	['VogtmannE_2016', 'FengQ_2015', 'YachidaS_2019', 'WirbelJ_2018']	YuJ_2015	subspecies	0.8822029576746558	0.8031496062992126	0.7567567567567568	0.8175182481751826	0.7567567567567568	0.8679245283018868	random_state	4
LBGM	['VogtmannE_2016', 'FengQ_2015', 'ZellerG_2014', 'WirbelJ_2018']	YuJ_2015	subspecies	0.874553799082101	0.8031496062992126	0.8108108108108109	0.8275862068965518	0.8108108108108109	0.7924528301886793	random_state	4
LBGM	['VogtmannE_2016', 'FengQ_2015', 'ZellerG_2014', 'WirbelJ_2018']	YuJ_2015	subspecies	0.874553799082101	0.8031496062992126	0.8108108108108109	0.8275862068965518	0.8108108108108109	0.7924528301886793	random_state	4
LBGM	['VogtmannE_2016', 'FengQ_2015', 'ZellerG_2014', 'WirbelJ_2018']	YuJ_2015	subspecies	0.874553799082101	0.8031496062992126	0.8108108108108109	0.8275862068965518	0.8108108108108109	0.7924528301886793	random_state	4
LBGM	['VogtmannE_2016', 'YachidaS_2019', 'ZellerG_2014', 'WirbelJ_2018']	YuJ_2015	subspecies	0.8363080061193269	0.7716535433070866	0.7702702702702703	0.7972027972027972	0.7702702702702703	0.7735849056603774	random_state	4
LBGM	['VogtmannE_2016', 'YachidaS_2019', 'ZellerG_2014', 'WirbelJ_2018']	YuJ_2015	subspecies	0.8363080061193269	0.7716535433070866	0.7702702702702703	0.7972027972027972	0.7702702702702703	0.7735849056603774	random_state	4
LBGM	['VogtmannE_2016', 'YachidaS_2019', 'ZellerG_2014', 'WirbelJ_2018']	YuJ_2015	subspecies	0.8363080061193269	0.7716535433070866	0.7702702702702703	0.7972027972027972	0.7702702702702703	0.7735849056603774	random_state	4
LBGM	['ThomasAM_2018a', 'FengQ_2015', 'YachidaS_2019', 'ZellerG_2014']	YuJ_2015	subspecies	0.85721570627231	0.7716535433070866	0.7027027027027027	0.7819548872180451	0.7027027027027027	0.8679245283018868	random_state	4
LBGM	['ThomasAM_2018a', 'FengQ_2015', 'YachidaS_2019', 'ZellerG_2014']	YuJ_2015	subspecies	0.85721570627231	0.7716535433070866	0.7027027027027027	0.7819548872180451	0.7027027027027027	0.8679245283018868	random_state	4
LBGM	['ThomasAM_2018a', 'FengQ_2015', 'YachidaS_2019', 'ZellerG_2014']	YuJ_2015	subspecies	0.85721570627231	0.7716535433070866	0.7027027027027027	0.7819548872180451	0.7027027027027027	0.8679245283018868	random_state	4
LBGM	['ThomasAM_2018a', 'FengQ_2015', 'YachidaS_2019', 'WirbelJ_2018']	YuJ_2015	subspecies	0.8791432942376338	0.8188976377952756	0.7702702702702703	0.832116788321168	0.7702702702702703	0.8867924528301887	random_state	4
LBGM	['ThomasAM_2018a', 'FengQ_2015', 'YachidaS_2019', 'WirbelJ_2018']	YuJ_2015	subspecies	0.8791432942376338	0.8188976377952756	0.7702702702702703	0.832116788321168	0.7702702702702703	0.8867924528301887	random_state	4
LBGM	['ThomasAM_2018a', 'FengQ_2015', 'YachidaS_2019', 'WirbelJ_2018']	YuJ_2015	subspecies	0.8791432942376338	0.8188976377952756	0.7702702702702703	0.832116788321168	0.7702702702702703	0.8867924528301887	random_state	4
LBGM	['ThomasAM_2018a', 'FengQ_2015', 'ZellerG_2014', 'WirbelJ_2018']	YuJ_2015	subspecies	0.8439571647118816	0.7716535433070866	0.7567567567567568	0.7943262411347517	0.7567567567567568	0.7924528301886793	random_state	4
LBGM	['ThomasAM_2018a', 'FengQ_2015', 'ZellerG_2014', 'WirbelJ_2018']	YuJ_2015	subspecies	0.8439571647118816	0.7716535433070866	0.7567567567567568	0.7943262411347517	0.7567567567567568	0.7924528301886793	random_state	4
LBGM	['ThomasAM_2018a', 'FengQ_2015', 'ZellerG_2014', 'WirbelJ_2018']	YuJ_2015	subspecies	0.8439571647118816	0.7716535433070866	0.7567567567567568	0.7943262411347517	0.7567567567567568	0.7924528301886793	random_state	4
LBGM	['ThomasAM_2018a', 'YachidaS_2019', 'ZellerG_2014', 'WirbelJ_2018']	YuJ_2015	subspecies	0.8541560428352882	0.8031496062992126	0.7837837837837838	0.8226950354609929	0.7837837837837838	0.8301886792452831	random_state	4
LBGM	['ThomasAM_2018a', 'YachidaS_2019', 'ZellerG_2014', 'WirbelJ_2018']	YuJ_2015	subspecies	0.8541560428352882	0.8031496062992126	0.7837837837837838	0.8226950354609929	0.7837837837837838	0.8301886792452831	random_state	4
LBGM	['ThomasAM_2018a', 'YachidaS_2019', 'ZellerG_2014', 'WirbelJ_2018']	YuJ_2015	subspecies	0.8541560428352882	0.8031496062992126	0.7837837837837838	0.8226950354609929	0.7837837837837838	0.8301886792452831	random_state	4
LBGM	['FengQ_2015', 'YachidaS_2019', 'ZellerG_2014', 'WirbelJ_2018']	YuJ_2015	subspecies	0.8755736868944417	0.8188976377952756	0.7432432432432432	0.8270676691729323	0.7432432432432432	0.9245283018867925	random_state	4
LBGM	['FengQ_2015', 'YachidaS_2019', 'ZellerG_2014', 'WirbelJ_2018']	YuJ_2015	subspecies	0.8755736868944417	0.8188976377952756	0.7432432432432432	0.8270676691729323	0.7432432432432432	0.9245283018867925	random_state	4
LBGM	['FengQ_2015', 'YachidaS_2019', 'ZellerG_2014', 'WirbelJ_2018']	YuJ_2015	subspecies	0.8755736868944417	0.8188976377952756	0.7432432432432432	0.8270676691729323	0.7432432432432432	0.9245283018867925	random_state	4
LBGM	['VogtmannE_2016', 'ThomasAM_2018a', 'FengQ_2015', 'YachidaS_2019', 'ZellerG_2014']	YuJ_2015	subspecies	0.8669046404895462	0.7952755905511811	0.7567567567567568	0.8115942028985507	0.7567567567567568	0.8490566037735849	random_state	5
LBGM	['VogtmannE_2016', 'ThomasAM_2018a', 'FengQ_2015', 'YachidaS_2019', 'ZellerG_2014']	YuJ_2015	subspecies	0.8669046404895462	0.7952755905511811	0.7567567567567568	0.8115942028985507	0.7567567567567568	0.8490566037735849	random_state	5
LBGM	['VogtmannE_2016', 'ThomasAM_2018a', 'FengQ_2015', 'YachidaS_2019', 'ZellerG_2014']	YuJ_2015	subspecies	0.8669046404895462	0.7952755905511811	0.7567567567567568	0.8115942028985507	0.7567567567567568	0.8490566037735849	random_state	5
LBGM	['VogtmannE_2016', 'ThomasAM_2018a', 'FengQ_2015', 'YachidaS_2019', 'WirbelJ_2018']	YuJ_2015	subspecies	0.8949515553289138	0.8188976377952756	0.8378378378378378	0.8435374149659863	0.8378378378378378	0.7924528301886793	random_state	5
LBGM	['VogtmannE_2016', 'ThomasAM_2018a', 'FengQ_2015', 'YachidaS_2019', 'WirbelJ_2018']	YuJ_2015	subspecies	0.8949515553289138	0.8188976377952756	0.8378378378378378	0.8435374149659863	0.8378378378378378	0.7924528301886793	random_state	5
LBGM	['VogtmannE_2016', 'ThomasAM_2018a', 'FengQ_2015', 'YachidaS_2019', 'WirbelJ_2018']	YuJ_2015	subspecies	0.8949515553289138	0.8188976377952756	0.8378378378378378	0.8435374149659863	0.8378378378378378	0.7924528301886793	random_state	5
LBGM	['VogtmannE_2016', 'ThomasAM_2018a', 'FengQ_2015', 'ZellerG_2014', 'WirbelJ_2018']	YuJ_2015	subspecies	0.8569607343192249	0.7559055118110236	0.7567567567567568	0.7832167832167832	0.7567567567567568	0.7547169811320755	random_state	5
LBGM	['VogtmannE_2016', 'ThomasAM_2018a', 'FengQ_2015', 'ZellerG_2014', 'WirbelJ_2018']	YuJ_2015	subspecies	0.8569607343192249	0.7559055118110236	0.7567567567567568	0.7832167832167832	0.7567567567567568	0.7547169811320755	random_state	5
LBGM	['VogtmannE_2016', 'ThomasAM_2018a', 'FengQ_2015', 'ZellerG_2014', 'WirbelJ_2018']	YuJ_2015	subspecies	0.8569607343192249	0.7559055118110236	0.7567567567567568	0.7832167832167832	0.7567567567567568	0.7547169811320755	random_state	5
LBGM	['VogtmannE_2016', 'ThomasAM_2018a', 'YachidaS_2019', 'ZellerG_2014', 'WirbelJ_2018']	YuJ_2015	subspecies	0.8577256501784803	0.7795275590551181	0.7972972972972973	0.8082191780821918	0.7972972972972973	0.7547169811320755	random_state	5
LBGM	['VogtmannE_2016', 'ThomasAM_2018a', 'YachidaS_2019', 'ZellerG_2014', 'WirbelJ_2018']	YuJ_2015	subspecies	0.8577256501784803	0.7795275590551181	0.7972972972972973	0.8082191780821918	0.7972972972972973	0.7547169811320755	random_state	5
LBGM	['VogtmannE_2016', 'ThomasAM_2018a', 'YachidaS_2019', 'ZellerG_2014', 'WirbelJ_2018']	YuJ_2015	subspecies	0.8577256501784803	0.7795275590551181	0.7972972972972973	0.8082191780821918	0.7972972972972973	0.7547169811320755	random_state	5
LBGM	['VogtmannE_2016', 'FengQ_2015', 'YachidaS_2019', 'ZellerG_2014', 'WirbelJ_2018']	YuJ_2015	subspecies	0.8778684344722081	0.7952755905511811	0.7972972972972973	0.8194444444444444	0.7972972972972973	0.7924528301886793	random_state	5
LBGM	['VogtmannE_2016', 'FengQ_2015', 'YachidaS_2019', 'ZellerG_2014', 'WirbelJ_2018']	YuJ_2015	subspecies	0.8778684344722081	0.7952755905511811	0.7972972972972973	0.8194444444444444	0.7972972972972973	0.7924528301886793	random_state	5
LBGM	['VogtmannE_2016', 'FengQ_2015', 'YachidaS_2019', 'ZellerG_2014', 'WirbelJ_2018']	YuJ_2015	subspecies	0.8778684344722081	0.7952755905511811	0.7972972972972973	0.8194444444444444	0.7972972972972973	0.7924528301886793	random_state	5
LBGM	['ThomasAM_2018a', 'FengQ_2015', 'YachidaS_2019', 'ZellerG_2014', 'WirbelJ_2018']	YuJ_2015	subspecies	0.8707292197858236	0.7874015748031497	0.7432432432432432	0.8029197080291971	0.7432432432432432	0.8490566037735849	random_state	5
LBGM	['ThomasAM_2018a', 'FengQ_2015', 'YachidaS_2019', 'ZellerG_2014', 'WirbelJ_2018']	YuJ_2015	subspecies	0.8707292197858236	0.7874015748031497	0.7432432432432432	0.8029197080291971	0.7432432432432432	0.8490566037735849	random_state	5
LBGM	['ThomasAM_2018a', 'FengQ_2015', 'YachidaS_2019', 'ZellerG_2014', 'WirbelJ_2018']	YuJ_2015	subspecies	0.8707292197858236	0.7874015748031497	0.7432432432432432	0.8029197080291971	0.7432432432432432	0.8490566037735849	random_state	5
LBGM	['VogtmannE_2016', 'ThomasAM_2018a', 'FengQ_2015', 'YachidaS_2019', 'ZellerG_2014', 'WirbelJ_2018']	YuJ_2015	subspecies	0.8760836308006119	0.8110236220472441	0.8243243243243243	0.8356164383561645	0.8243243243243243	0.7924528301886793	random_state	6
LBGM	['VogtmannE_2016', 'ThomasAM_2018a', 'FengQ_2015', 'YachidaS_2019', 'ZellerG_2014', 'WirbelJ_2018']	YuJ_2015	subspecies	0.8760836308006119	0.8110236220472441	0.8243243243243243	0.8356164383561645	0.8243243243243243	0.7924528301886793	random_state	6
LBGM	['VogtmannE_2016', 'ThomasAM_2018a', 'FengQ_2015', 'YachidaS_2019', 'ZellerG_2014', 'WirbelJ_2018']	YuJ_2015	subspecies	0.8760836308006119	0.8110236220472441	0.8243243243243243	0.8356164383561645	0.8243243243243243	0.7924528301886793	random_state	6
LBGM	['VogtmannE_2016']	FengQ_2015	subspecies	0.5064148253741981	0.5046728971962616	0.4782608695652174	0.4536082474226804	0.4782608695652174	0.5245901639344263	random_state	1
LBGM	['VogtmannE_2016']	FengQ_2015	subspecies	0.5064148253741981	0.5046728971962616	0.4782608695652174	0.4536082474226804	0.4782608695652174	0.5245901639344263	random_state	1
LBGM	['VogtmannE_2016']	FengQ_2015	subspecies	0.5064148253741981	0.5046728971962616	0.4782608695652174	0.4536082474226804	0.4782608695652174	0.5245901639344263	random_state	1
LBGM	['ThomasAM_2018a']	FengQ_2015	subspecies	0.5320741268709908	0.48598130841121495	0.5217391304347826	0.46601941747572817	0.5217391304347826	0.45901639344262296	random_state	1
LBGM	['ThomasAM_2018a']	FengQ_2015	subspecies	0.5320741268709908	0.48598130841121495	0.5217391304347826	0.46601941747572817	0.5217391304347826	0.45901639344262296	random_state	1
LBGM	['ThomasAM_2018a']	FengQ_2015	subspecies	0.5320741268709908	0.48598130841121495	0.5217391304347826	0.46601941747572817	0.5217391304347826	0.45901639344262296	random_state	1
LBGM	['YuJ_2015']	FengQ_2015	subspecies	0.770848182466144	0.719626168224299	0.8043478260869565	0.7115384615384616	0.8043478260869565	0.6557377049180327	random_state	1
LBGM	['YuJ_2015']	FengQ_2015	subspecies	0.770848182466144	0.719626168224299	0.8043478260869565	0.7115384615384616	0.8043478260869565	0.6557377049180327	random_state	1
LBGM	['YuJ_2015']	FengQ_2015	subspecies	0.770848182466144	0.719626168224299	0.8043478260869565	0.7115384615384616	0.8043478260869565	0.6557377049180327	random_state	1
LBGM	['YachidaS_2019']	FengQ_2015	subspecies	0.7990021382751247	0.7289719626168224	0.5652173913043478	0.6419753086419753	0.5652173913043478	0.8524590163934426	random_state	1
LBGM	['YachidaS_2019']	FengQ_2015	subspecies	0.7990021382751247	0.7289719626168224	0.5652173913043478	0.6419753086419753	0.5652173913043478	0.8524590163934426	random_state	1
LBGM	['YachidaS_2019']	FengQ_2015	subspecies	0.7990021382751247	0.7289719626168224	0.5652173913043478	0.6419753086419753	0.5652173913043478	0.8524590163934426	random_state	1
LBGM	['ZellerG_2014']	FengQ_2015	subspecies	0.812544547398432	0.7383177570093458	0.5434782608695652	0.641025641025641	0.5434782608695652	0.8852459016393442	random_state	1
LBGM	['ZellerG_2014']	FengQ_2015	subspecies	0.812544547398432	0.7383177570093458	0.5434782608695652	0.641025641025641	0.5434782608695652	0.8852459016393442	random_state	1
LBGM	['ZellerG_2014']	FengQ_2015	subspecies	0.812544547398432	0.7383177570093458	0.5434782608695652	0.641025641025641	0.5434782608695652	0.8852459016393442	random_state	1
LBGM	['WirbelJ_2018']	FengQ_2015	subspecies	0.5908766928011404	0.6074766355140186	0.2608695652173913	0.36363636363636365	0.2608695652173913	0.8688524590163934	random_state	1
LBGM	['WirbelJ_2018']	FengQ_2015	subspecies	0.5908766928011404	0.6074766355140186	0.2608695652173913	0.36363636363636365	0.2608695652173913	0.8688524590163934	random_state	1
LBGM	['WirbelJ_2018']	FengQ_2015	subspecies	0.5908766928011404	0.6074766355140186	0.2608695652173913	0.36363636363636365	0.2608695652173913	0.8688524590163934	random_state	1
LBGM	['VogtmannE_2016', 'ThomasAM_2018a']	FengQ_2015	subspecies	0.5833927298645759	0.5794392523364486	0.43478260869565216	0.47058823529411764	0.43478260869565216	0.6885245901639344	random_state	2
LBGM	['VogtmannE_2016', 'ThomasAM_2018a']	FengQ_2015	subspecies	0.5833927298645759	0.5794392523364486	0.43478260869565216	0.47058823529411764	0.43478260869565216	0.6885245901639344	random_state	2
LBGM	['VogtmannE_2016', 'ThomasAM_2018a']	FengQ_2015	subspecies	0.5833927298645759	0.5794392523364486	0.43478260869565216	0.47058823529411764	0.43478260869565216	0.6885245901639344	random_state	2
LBGM	['VogtmannE_2016', 'YuJ_2015']	FengQ_2015	subspecies	0.7993585174625802	0.7570093457943925	0.6956521739130435	0.711111111111111	0.6956521739130435	0.8032786885245902	random_state	2
LBGM	['VogtmannE_2016', 'YuJ_2015']	FengQ_2015	subspecies	0.7993585174625802	0.7570093457943925	0.6956521739130435	0.711111111111111	0.6956521739130435	0.8032786885245902	random_state	2
LBGM	['VogtmannE_2016', 'YuJ_2015']	FengQ_2015	subspecies	0.7993585174625802	0.7570093457943925	0.6956521739130435	0.711111111111111	0.6956521739130435	0.8032786885245902	random_state	2
LBGM	['VogtmannE_2016', 'YachidaS_2019']	FengQ_2015	subspecies	0.8439059158945118	0.7757009345794392	0.5434782608695652	0.6756756756756757	0.5434782608695652	0.9508196721311475	random_state	2
LBGM	['VogtmannE_2016', 'YachidaS_2019']	FengQ_2015	subspecies	0.8439059158945118	0.7757009345794392	0.5434782608695652	0.6756756756756757	0.5434782608695652	0.9508196721311475	random_state	2
LBGM	['VogtmannE_2016', 'YachidaS_2019']	FengQ_2015	subspecies	0.8439059158945118	0.7757009345794392	0.5434782608695652	0.6756756756756757	0.5434782608695652	0.9508196721311475	random_state	2
LBGM	['VogtmannE_2016', 'ZellerG_2014']	FengQ_2015	subspecies	0.7398431931575196	0.6542056074766355	0.6304347826086957	0.6105263157894736	0.6304347826086957	0.6721311475409836	random_state	2
LBGM	['VogtmannE_2016', 'ZellerG_2014']	FengQ_2015	subspecies	0.7398431931575196	0.6542056074766355	0.6304347826086957	0.6105263157894736	0.6304347826086957	0.6721311475409836	random_state	2
LBGM	['VogtmannE_2016', 'ZellerG_2014']	FengQ_2015	subspecies	0.7398431931575196	0.6542056074766355	0.6304347826086957	0.6105263157894736	0.6304347826086957	0.6721311475409836	random_state	2
LBGM	['VogtmannE_2016', 'WirbelJ_2018']	FengQ_2015	subspecies	0.6478973627940128	0.6074766355140186	0.391304347826087	0.46153846153846156	0.391304347826087	0.7704918032786885	random_state	2
LBGM	['VogtmannE_2016', 'WirbelJ_2018']	FengQ_2015	subspecies	0.6478973627940128	0.6074766355140186	0.391304347826087	0.46153846153846156	0.391304347826087	0.7704918032786885	random_state	2
LBGM	['VogtmannE_2016', 'WirbelJ_2018']	FengQ_2015	subspecies	0.6478973627940128	0.6074766355140186	0.391304347826087	0.46153846153846156	0.391304347826087	0.7704918032786885	random_state	2
LBGM	['ThomasAM_2018a', 'YuJ_2015']	FengQ_2015	subspecies	0.7501781895937277	0.6915887850467289	0.8043478260869565	0.691588785046729	0.8043478260869565	0.6065573770491803	random_state	2
LBGM	['ThomasAM_2018a', 'YuJ_2015']	FengQ_2015	subspecies	0.7501781895937277	0.6915887850467289	0.8043478260869565	0.691588785046729	0.8043478260869565	0.6065573770491803	random_state	2
LBGM	['ThomasAM_2018a', 'YuJ_2015']	FengQ_2015	subspecies	0.7501781895937277	0.6915887850467289	0.8043478260869565	0.691588785046729	0.8043478260869565	0.6065573770491803	random_state	2
LBGM	['ThomasAM_2018a', 'YachidaS_2019']	FengQ_2015	subspecies	0.8111190306486101	0.7383177570093458	0.6956521739130435	0.6956521739130435	0.6956521739130435	0.7704918032786885	random_state	2
LBGM	['ThomasAM_2018a', 'YachidaS_2019']	FengQ_2015	subspecies	0.8111190306486101	0.7383177570093458	0.6956521739130435	0.6956521739130435	0.6956521739130435	0.7704918032786885	random_state	2
LBGM	['ThomasAM_2018a', 'YachidaS_2019']	FengQ_2015	subspecies	0.8111190306486101	0.7383177570093458	0.6956521739130435	0.6956521739130435	0.6956521739130435	0.7704918032786885	random_state	2
LBGM	['ThomasAM_2018a', 'ZellerG_2014']	FengQ_2015	subspecies	0.8196721311475409	0.7757009345794392	0.5869565217391305	0.6923076923076924	0.5869565217391305	0.9180327868852459	random_state	2
LBGM	['ThomasAM_2018a', 'ZellerG_2014']	FengQ_2015	subspecies	0.8196721311475409	0.7757009345794392	0.5869565217391305	0.6923076923076924	0.5869565217391305	0.9180327868852459	random_state	2
LBGM	['ThomasAM_2018a', 'ZellerG_2014']	FengQ_2015	subspecies	0.8196721311475409	0.7757009345794392	0.5869565217391305	0.6923076923076924	0.5869565217391305	0.9180327868852459	random_state	2
LBGM	['ThomasAM_2018a', 'WirbelJ_2018']	FengQ_2015	subspecies	0.5502494654312189	0.5700934579439252	0.2391304347826087	0.3235294117647059	0.2391304347826087	0.819672131147541	random_state	2
LBGM	['ThomasAM_2018a', 'WirbelJ_2018']	FengQ_2015	subspecies	0.5502494654312189	0.5700934579439252	0.2391304347826087	0.3235294117647059	0.2391304347826087	0.819672131147541	random_state	2
LBGM	['ThomasAM_2018a', 'WirbelJ_2018']	FengQ_2015	subspecies	0.5502494654312189	0.5700934579439252	0.2391304347826087	0.3235294117647059	0.2391304347826087	0.819672131147541	random_state	2
LBGM	['YuJ_2015', 'YachidaS_2019']	FengQ_2015	subspecies	0.8196721311475409	0.7289719626168224	0.5869565217391305	0.6506024096385542	0.5869565217391305	0.8360655737704918	random_state	2
LBGM	['YuJ_2015', 'YachidaS_2019']	FengQ_2015	subspecies	0.8196721311475409	0.7289719626168224	0.5869565217391305	0.6506024096385542	0.5869565217391305	0.8360655737704918	random_state	2
LBGM	['YuJ_2015', 'YachidaS_2019']	FengQ_2015	subspecies	0.8196721311475409	0.7289719626168224	0.5869565217391305	0.6506024096385542	0.5869565217391305	0.8360655737704918	random_state	2
LBGM	['YuJ_2015', 'ZellerG_2014']	FengQ_2015	subspecies	0.7847469707769066	0.7289719626168224	0.6304347826086957	0.6666666666666667	0.6304347826086957	0.8032786885245902	random_state	2
LBGM	['YuJ_2015', 'ZellerG_2014']	FengQ_2015	subspecies	0.7847469707769066	0.7289719626168224	0.6304347826086957	0.6666666666666667	0.6304347826086957	0.8032786885245902	random_state	2
LBGM	['YuJ_2015', 'ZellerG_2014']	FengQ_2015	subspecies	0.7847469707769066	0.7289719626168224	0.6304347826086957	0.6666666666666667	0.6304347826086957	0.8032786885245902	random_state	2
LBGM	['YuJ_2015', 'WirbelJ_2018']	FengQ_2015	subspecies	0.7095509622238061	0.6728971962616822	0.5652173913043478	0.5977011494252873	0.5652173913043478	0.7540983606557377	random_state	2
LBGM	['YuJ_2015', 'WirbelJ_2018']	FengQ_2015	subspecies	0.7095509622238061	0.6728971962616822	0.5652173913043478	0.5977011494252873	0.5652173913043478	0.7540983606557377	random_state	2
LBGM	['YuJ_2015', 'WirbelJ_2018']	FengQ_2015	subspecies	0.7095509622238061	0.6728971962616822	0.5652173913043478	0.5977011494252873	0.5652173913043478	0.7540983606557377	random_state	2
LBGM	['YachidaS_2019', 'ZellerG_2014']	FengQ_2015	subspecies	0.8766928011404134	0.7570093457943925	0.5434782608695652	0.6578947368421053	0.5434782608695652	0.9180327868852459	random_state	2
LBGM	['YachidaS_2019', 'ZellerG_2014']	FengQ_2015	subspecies	0.8766928011404134	0.7570093457943925	0.5434782608695652	0.6578947368421053	0.5434782608695652	0.9180327868852459	random_state	2
LBGM	['YachidaS_2019', 'ZellerG_2014']	FengQ_2015	subspecies	0.8766928011404134	0.7570093457943925	0.5434782608695652	0.6578947368421053	0.5434782608695652	0.9180327868852459	random_state	2
LBGM	['YachidaS_2019', 'WirbelJ_2018']	FengQ_2015	subspecies	0.8096935138987883	0.7570093457943925	0.5	0.6388888888888888	0.5	0.9508196721311475	random_state	2
LBGM	['YachidaS_2019', 'WirbelJ_2018']	FengQ_2015	subspecies	0.8096935138987883	0.7570093457943925	0.5	0.6388888888888888	0.5	0.9508196721311475	random_state	2
LBGM	['YachidaS_2019', 'WirbelJ_2018']	FengQ_2015	subspecies	0.8096935138987883	0.7570093457943925	0.5	0.6388888888888888	0.5	0.9508196721311475	random_state	2
LBGM	['ZellerG_2014', 'WirbelJ_2018']	FengQ_2015	subspecies	0.6949394155381327	0.719626168224299	0.5	0.605263157894737	0.5	0.8852459016393442	random_state	2
LBGM	['ZellerG_2014', 'WirbelJ_2018']	FengQ_2015	subspecies	0.6949394155381327	0.719626168224299	0.5	0.605263157894737	0.5	0.8852459016393442	random_state	2
LBGM	['ZellerG_2014', 'WirbelJ_2018']	FengQ_2015	subspecies	0.6949394155381327	0.719626168224299	0.5	0.605263157894737	0.5	0.8852459016393442	random_state	2
LBGM	['VogtmannE_2016', 'ThomasAM_2018a', 'YuJ_2015']	FengQ_2015	subspecies	0.766215253029223	0.719626168224299	0.717391304347826	0.6875	0.717391304347826	0.7213114754098361	random_state	3
LBGM	['VogtmannE_2016', 'ThomasAM_2018a', 'YuJ_2015']	FengQ_2015	subspecies	0.766215253029223	0.719626168224299	0.717391304347826	0.6875	0.717391304347826	0.7213114754098361	random_state	3
LBGM	['VogtmannE_2016', 'ThomasAM_2018a', 'YuJ_2015']	FengQ_2015	subspecies	0.766215253029223	0.719626168224299	0.717391304347826	0.6875	0.717391304347826	0.7213114754098361	random_state	3
LBGM	['VogtmannE_2016', 'ThomasAM_2018a', 'YachidaS_2019']	FengQ_2015	subspecies	0.8047042052744119	0.7570093457943925	0.5434782608695652	0.6578947368421053	0.5434782608695652	0.9180327868852459	random_state	3
LBGM	['VogtmannE_2016', 'ThomasAM_2018a', 'YachidaS_2019']	FengQ_2015	subspecies	0.8047042052744119	0.7570093457943925	0.5434782608695652	0.6578947368421053	0.5434782608695652	0.9180327868852459	random_state	3
LBGM	['VogtmannE_2016', 'ThomasAM_2018a', 'YachidaS_2019']	FengQ_2015	subspecies	0.8047042052744119	0.7570093457943925	0.5434782608695652	0.6578947368421053	0.5434782608695652	0.9180327868852459	random_state	3
LBGM	['VogtmannE_2016', 'ThomasAM_2018a', 'ZellerG_2014']	FengQ_2015	subspecies	0.7195295794725588	0.616822429906542	0.5	0.5287356321839081	0.5	0.7049180327868853	random_state	3
LBGM	['VogtmannE_2016', 'ThomasAM_2018a', 'ZellerG_2014']	FengQ_2015	subspecies	0.7195295794725588	0.616822429906542	0.5	0.5287356321839081	0.5	0.7049180327868853	random_state	3
LBGM	['VogtmannE_2016', 'ThomasAM_2018a', 'ZellerG_2014']	FengQ_2015	subspecies	0.7195295794725588	0.616822429906542	0.5	0.5287356321839081	0.5	0.7049180327868853	random_state	3
LBGM	['VogtmannE_2016', 'ThomasAM_2018a', 'WirbelJ_2018']	FengQ_2015	subspecies	0.6667854597291518	0.6355140186915887	0.45652173913043476	0.5185185185185185	0.45652173913043476	0.7704918032786885	random_state	3
LBGM	['VogtmannE_2016', 'ThomasAM_2018a', 'WirbelJ_2018']	FengQ_2015	subspecies	0.6667854597291518	0.6355140186915887	0.45652173913043476	0.5185185185185185	0.45652173913043476	0.7704918032786885	random_state	3
LBGM	['VogtmannE_2016', 'ThomasAM_2018a', 'WirbelJ_2018']	FengQ_2015	subspecies	0.6667854597291518	0.6355140186915887	0.45652173913043476	0.5185185185185185	0.45652173913043476	0.7704918032786885	random_state	3
LBGM	['VogtmannE_2016', 'YuJ_2015', 'YachidaS_2019']	FengQ_2015	subspecies	0.8642195295794726	0.822429906542056	0.6739130434782609	0.7654320987654321	0.6739130434782609	0.9344262295081968	random_state	3
LBGM	['VogtmannE_2016', 'YuJ_2015', 'YachidaS_2019']	FengQ_2015	subspecies	0.8642195295794726	0.822429906542056	0.6739130434782609	0.7654320987654321	0.6739130434782609	0.9344262295081968	random_state	3
LBGM	['VogtmannE_2016', 'YuJ_2015', 'YachidaS_2019']	FengQ_2015	subspecies	0.8642195295794726	0.822429906542056	0.6739130434782609	0.7654320987654321	0.6739130434782609	0.9344262295081968	random_state	3
LBGM	['VogtmannE_2016', 'YuJ_2015', 'ZellerG_2014']	FengQ_2015	subspecies	0.804704205274412	0.7102803738317757	0.5434782608695652	0.617283950617284	0.5434782608695652	0.8360655737704918	random_state	3
LBGM	['VogtmannE_2016', 'YuJ_2015', 'ZellerG_2014']	FengQ_2015	subspecies	0.804704205274412	0.7102803738317757	0.5434782608695652	0.617283950617284	0.5434782608695652	0.8360655737704918	random_state	3
LBGM	['VogtmannE_2016', 'YuJ_2015', 'ZellerG_2014']	FengQ_2015	subspecies	0.804704205274412	0.7102803738317757	0.5434782608695652	0.617283950617284	0.5434782608695652	0.8360655737704918	random_state	3
LBGM	['VogtmannE_2016', 'YuJ_2015', 'WirbelJ_2018']	FengQ_2015	subspecies	0.7369921596578759	0.6635514018691588	0.5652173913043478	0.5909090909090909	0.5652173913043478	0.7377049180327869	random_state	3
LBGM	['VogtmannE_2016', 'YuJ_2015', 'WirbelJ_2018']	FengQ_2015	subspecies	0.7369921596578759	0.6635514018691588	0.5652173913043478	0.5909090909090909	0.5652173913043478	0.7377049180327869	random_state	3
LBGM	['VogtmannE_2016', 'YuJ_2015', 'WirbelJ_2018']	FengQ_2015	subspecies	0.7369921596578759	0.6635514018691588	0.5652173913043478	0.5909090909090909	0.5652173913043478	0.7377049180327869	random_state	3
LBGM	['VogtmannE_2016', 'YachidaS_2019', 'ZellerG_2014']	FengQ_2015	subspecies	0.8374910905203137	0.7570093457943925	0.43478260869565216	0.6060606060606061	0.43478260869565216	1.0	random_state	3
LBGM	['VogtmannE_2016', 'YachidaS_2019', 'ZellerG_2014']	FengQ_2015	subspecies	0.8374910905203137	0.7570093457943925	0.43478260869565216	0.6060606060606061	0.43478260869565216	1.0	random_state	3
LBGM	['VogtmannE_2016', 'YachidaS_2019', 'ZellerG_2014']	FengQ_2015	subspecies	0.8374910905203137	0.7570093457943925	0.43478260869565216	0.6060606060606061	0.43478260869565216	1.0	random_state	3
LBGM	['VogtmannE_2016', 'YachidaS_2019', 'WirbelJ_2018']	FengQ_2015	subspecies	0.8157519600855309	0.7663551401869159	0.5217391304347826	0.6575342465753423	0.5217391304347826	0.9508196721311475	random_state	3
LBGM	['VogtmannE_2016', 'YachidaS_2019', 'WirbelJ_2018']	FengQ_2015	subspecies	0.8157519600855309	0.7663551401869159	0.5217391304347826	0.6575342465753423	0.5217391304347826	0.9508196721311475	random_state	3
LBGM	['VogtmannE_2016', 'YachidaS_2019', 'WirbelJ_2018']	FengQ_2015	subspecies	0.8157519600855309	0.7663551401869159	0.5217391304347826	0.6575342465753423	0.5217391304347826	0.9508196721311475	random_state	3
LBGM	['VogtmannE_2016', 'ZellerG_2014', 'WirbelJ_2018']	FengQ_2015	subspecies	0.7277263007840342	0.7009345794392523	0.5217391304347826	0.6	0.5217391304347826	0.8360655737704918	random_state	3
LBGM	['VogtmannE_2016', 'ZellerG_2014', 'WirbelJ_2018']	FengQ_2015	subspecies	0.7277263007840342	0.7009345794392523	0.5217391304347826	0.6	0.5217391304347826	0.8360655737704918	random_state	3
LBGM	['VogtmannE_2016', 'ZellerG_2014', 'WirbelJ_2018']	FengQ_2015	subspecies	0.7277263007840342	0.7009345794392523	0.5217391304347826	0.6	0.5217391304347826	0.8360655737704918	random_state	3
LBGM	['ThomasAM_2018a', 'YuJ_2015', 'YachidaS_2019']	FengQ_2015	subspecies	0.8250178189593728	0.7289719626168224	0.6521739130434783	0.6741573033707865	0.6521739130434783	0.7868852459016393	random_state	3
LBGM	['ThomasAM_2018a', 'YuJ_2015', 'YachidaS_2019']	FengQ_2015	subspecies	0.8250178189593728	0.7289719626168224	0.6521739130434783	0.6741573033707865	0.6521739130434783	0.7868852459016393	random_state	3
LBGM	['ThomasAM_2018a', 'YuJ_2015', 'YachidaS_2019']	FengQ_2015	subspecies	0.8250178189593728	0.7289719626168224	0.6521739130434783	0.6741573033707865	0.6521739130434783	0.7868852459016393	random_state	3
LBGM	['ThomasAM_2018a', 'YuJ_2015', 'ZellerG_2014']	FengQ_2015	subspecies	0.8071988595866002	0.7570093457943925	0.6086956521739131	0.6829268292682927	0.6086956521739131	0.8688524590163934	random_state	3
LBGM	['ThomasAM_2018a', 'YuJ_2015', 'ZellerG_2014']	FengQ_2015	subspecies	0.8071988595866002	0.7570093457943925	0.6086956521739131	0.6829268292682927	0.6086956521739131	0.8688524590163934	random_state	3
LBGM	['ThomasAM_2018a', 'YuJ_2015', 'ZellerG_2014']	FengQ_2015	subspecies	0.8071988595866002	0.7570093457943925	0.6086956521739131	0.6829268292682927	0.6086956521739131	0.8688524590163934	random_state	3
LBGM	['ThomasAM_2018a', 'YuJ_2015', 'WirbelJ_2018']	FengQ_2015	subspecies	0.7120456165359943	0.6448598130841121	0.5434782608695652	0.5681818181818181	0.5434782608695652	0.7213114754098361	random_state	3
LBGM	['ThomasAM_2018a', 'YuJ_2015', 'WirbelJ_2018']	FengQ_2015	subspecies	0.7120456165359943	0.6448598130841121	0.5434782608695652	0.5681818181818181	0.5434782608695652	0.7213114754098361	random_state	3
LBGM	['ThomasAM_2018a', 'YuJ_2015', 'WirbelJ_2018']	FengQ_2015	subspecies	0.7120456165359943	0.6448598130841121	0.5434782608695652	0.5681818181818181	0.5434782608695652	0.7213114754098361	random_state	3
LBGM	['ThomasAM_2018a', 'YachidaS_2019', 'ZellerG_2014']	FengQ_2015	subspecies	0.8784746970776907	0.7850467289719626	0.5217391304347826	0.6760563380281689	0.5217391304347826	0.9836065573770492	random_state	3
LBGM	['ThomasAM_2018a', 'YachidaS_2019', 'ZellerG_2014']	FengQ_2015	subspecies	0.8784746970776907	0.7850467289719626	0.5217391304347826	0.6760563380281689	0.5217391304347826	0.9836065573770492	random_state	3
LBGM	['ThomasAM_2018a', 'YachidaS_2019', 'ZellerG_2014']	FengQ_2015	subspecies	0.8784746970776907	0.7850467289719626	0.5217391304347826	0.6760563380281689	0.5217391304347826	0.9836065573770492	random_state	3
LBGM	['ThomasAM_2018a', 'YachidaS_2019', 'WirbelJ_2018']	FengQ_2015	subspecies	0.8178902352102637	0.7383177570093458	0.5652173913043478	0.65	0.5652173913043478	0.8688524590163934	random_state	3
LBGM	['ThomasAM_2018a', 'YachidaS_2019', 'WirbelJ_2018']	FengQ_2015	subspecies	0.8178902352102637	0.7383177570093458	0.5652173913043478	0.65	0.5652173913043478	0.8688524590163934	random_state	3
LBGM	['ThomasAM_2018a', 'YachidaS_2019', 'WirbelJ_2018']	FengQ_2015	subspecies	0.8178902352102637	0.7383177570093458	0.5652173913043478	0.65	0.5652173913043478	0.8688524590163934	random_state	3
LBGM	['ThomasAM_2018a', 'ZellerG_2014', 'WirbelJ_2018']	FengQ_2015	subspecies	0.7576621525302922	0.6915887850467289	0.43478260869565216	0.5479452054794521	0.43478260869565216	0.8852459016393442	random_state	3
LBGM	['ThomasAM_2018a', 'ZellerG_2014', 'WirbelJ_2018']	FengQ_2015	subspecies	0.7576621525302922	0.6915887850467289	0.43478260869565216	0.5479452054794521	0.43478260869565216	0.8852459016393442	random_state	3
LBGM	['ThomasAM_2018a', 'ZellerG_2014', 'WirbelJ_2018']	FengQ_2015	subspecies	0.7576621525302922	0.6915887850467289	0.43478260869565216	0.5479452054794521	0.43478260869565216	0.8852459016393442	random_state	3
LBGM	['YuJ_2015', 'YachidaS_2019', 'ZellerG_2014']	FengQ_2015	subspecies	0.8841767640769779	0.7850467289719626	0.5217391304347826	0.6760563380281689	0.5217391304347826	0.9836065573770492	random_state	3
LBGM	['YuJ_2015', 'YachidaS_2019', 'ZellerG_2014']	FengQ_2015	subspecies	0.8841767640769779	0.7850467289719626	0.5217391304347826	0.6760563380281689	0.5217391304347826	0.9836065573770492	random_state	3
LBGM	['YuJ_2015', 'YachidaS_2019', 'ZellerG_2014']	FengQ_2015	subspecies	0.8841767640769779	0.7850467289719626	0.5217391304347826	0.6760563380281689	0.5217391304347826	0.9836065573770492	random_state	3
LBGM	['YuJ_2015', 'YachidaS_2019', 'WirbelJ_2018']	FengQ_2015	subspecies	0.797576621525303	0.7383177570093458	0.5652173913043478	0.65	0.5652173913043478	0.8688524590163934	random_state	3
LBGM	['YuJ_2015', 'YachidaS_2019', 'WirbelJ_2018']	FengQ_2015	subspecies	0.797576621525303	0.7383177570093458	0.5652173913043478	0.65	0.5652173913043478	0.8688524590163934	random_state	3
LBGM	['YuJ_2015', 'YachidaS_2019', 'WirbelJ_2018']	FengQ_2015	subspecies	0.797576621525303	0.7383177570093458	0.5652173913043478	0.65	0.5652173913043478	0.8688524590163934	random_state	3
LBGM	['YuJ_2015', 'ZellerG_2014', 'WirbelJ_2018']	FengQ_2015	subspecies	0.740199572344975	0.7289719626168224	0.5869565217391305	0.6506024096385542	0.5869565217391305	0.8360655737704918	random_state	3
LBGM	['YuJ_2015', 'ZellerG_2014', 'WirbelJ_2018']	FengQ_2015	subspecies	0.740199572344975	0.7289719626168224	0.5869565217391305	0.6506024096385542	0.5869565217391305	0.8360655737704918	random_state	3
LBGM	['YuJ_2015', 'ZellerG_2014', 'WirbelJ_2018']	FengQ_2015	subspecies	0.740199572344975	0.7289719626168224	0.5869565217391305	0.6506024096385542	0.5869565217391305	0.8360655737704918	random_state	3
LBGM	['YachidaS_2019', 'ZellerG_2014', 'WirbelJ_2018']	FengQ_2015	subspecies	0.8406985032074127	0.7570093457943925	0.45652173913043476	0.6176470588235293	0.45652173913043476	0.9836065573770492	random_state	3
LBGM	['YachidaS_2019', 'ZellerG_2014', 'WirbelJ_2018']	FengQ_2015	subspecies	0.8406985032074127	0.7570093457943925	0.45652173913043476	0.6176470588235293	0.45652173913043476	0.9836065573770492	random_state	3
LBGM	['YachidaS_2019', 'ZellerG_2014', 'WirbelJ_2018']	FengQ_2015	subspecies	0.8406985032074127	0.7570093457943925	0.45652173913043476	0.6176470588235293	0.45652173913043476	0.9836065573770492	random_state	3
LBGM	['VogtmannE_2016', 'ThomasAM_2018a', 'YuJ_2015', 'YachidaS_2019']	FengQ_2015	subspecies	0.8385602280826799	0.7757009345794392	0.6086956521739131	0.7	0.6086956521739131	0.9016393442622951	random_state	4
LBGM	['VogtmannE_2016', 'ThomasAM_2018a', 'YuJ_2015', 'YachidaS_2019']	FengQ_2015	subspecies	0.8385602280826799	0.7757009345794392	0.6086956521739131	0.7	0.6086956521739131	0.9016393442622951	random_state	4
LBGM	['VogtmannE_2016', 'ThomasAM_2018a', 'YuJ_2015', 'YachidaS_2019']	FengQ_2015	subspecies	0.8385602280826799	0.7757009345794392	0.6086956521739131	0.7	0.6086956521739131	0.9016393442622951	random_state	4
LBGM	['VogtmannE_2016', 'ThomasAM_2018a', 'YuJ_2015', 'ZellerG_2014']	FengQ_2015	subspecies	0.804704205274412	0.7289719626168224	0.5652173913043478	0.6419753086419753	0.5652173913043478	0.8524590163934426	random_state	4
LBGM	['VogtmannE_2016', 'ThomasAM_2018a', 'YuJ_2015', 'ZellerG_2014']	FengQ_2015	subspecies	0.804704205274412	0.7289719626168224	0.5652173913043478	0.6419753086419753	0.5652173913043478	0.8524590163934426	random_state	4
LBGM	['VogtmannE_2016', 'ThomasAM_2018a', 'YuJ_2015', 'ZellerG_2014']	FengQ_2015	subspecies	0.804704205274412	0.7289719626168224	0.5652173913043478	0.6419753086419753	0.5652173913043478	0.8524590163934426	random_state	4
LBGM	['VogtmannE_2016', 'ThomasAM_2018a', 'YuJ_2015', 'WirbelJ_2018']	FengQ_2015	subspecies	0.7227369921596579	0.6635514018691588	0.6304347826086957	0.6170212765957447	0.6304347826086957	0.6885245901639344	random_state	4
LBGM	['VogtmannE_2016', 'ThomasAM_2018a', 'YuJ_2015', 'WirbelJ_2018']	FengQ_2015	subspecies	0.7227369921596579	0.6635514018691588	0.6304347826086957	0.6170212765957447	0.6304347826086957	0.6885245901639344	random_state	4
LBGM	['VogtmannE_2016', 'ThomasAM_2018a', 'YuJ_2015', 'WirbelJ_2018']	FengQ_2015	subspecies	0.7227369921596579	0.6635514018691588	0.6304347826086957	0.6170212765957447	0.6304347826086957	0.6885245901639344	random_state	4
LBGM	['VogtmannE_2016', 'ThomasAM_2018a', 'YachidaS_2019', 'ZellerG_2014']	FengQ_2015	subspecies	0.8488952245188881	0.7663551401869159	0.45652173913043476	0.626865671641791	0.45652173913043476	1.0	random_state	4
LBGM	['VogtmannE_2016', 'ThomasAM_2018a', 'YachidaS_2019', 'ZellerG_2014']	FengQ_2015	subspecies	0.8488952245188881	0.7663551401869159	0.45652173913043476	0.626865671641791	0.45652173913043476	1.0	random_state	4
LBGM	['VogtmannE_2016', 'ThomasAM_2018a', 'YachidaS_2019', 'ZellerG_2014']	FengQ_2015	subspecies	0.8488952245188881	0.7663551401869159	0.45652173913043476	0.626865671641791	0.45652173913043476	1.0	random_state	4
LBGM	['VogtmannE_2016', 'ThomasAM_2018a', 'YachidaS_2019', 'WirbelJ_2018']	FengQ_2015	subspecies	0.8235923022095509	0.7476635514018691	0.4782608695652174	0.619718309859155	0.4782608695652174	0.9508196721311475	random_state	4
LBGM	['VogtmannE_2016', 'ThomasAM_2018a', 'YachidaS_2019', 'WirbelJ_2018']	FengQ_2015	subspecies	0.8235923022095509	0.7476635514018691	0.4782608695652174	0.619718309859155	0.4782608695652174	0.9508196721311475	random_state	4
LBGM	['VogtmannE_2016', 'ThomasAM_2018a', 'YachidaS_2019', 'WirbelJ_2018']	FengQ_2015	subspecies	0.8235923022095509	0.7476635514018691	0.4782608695652174	0.619718309859155	0.4782608695652174	0.9508196721311475	random_state	4
LBGM	['VogtmannE_2016', 'ThomasAM_2018a', 'ZellerG_2014', 'WirbelJ_2018']	FengQ_2015	subspecies	0.7494654312188168	0.6542056074766355	0.43478260869565216	0.5194805194805194	0.43478260869565216	0.819672131147541	random_state	4
LBGM	['VogtmannE_2016', 'ThomasAM_2018a', 'ZellerG_2014', 'WirbelJ_2018']	FengQ_2015	subspecies	0.7494654312188168	0.6542056074766355	0.43478260869565216	0.5194805194805194	0.43478260869565216	0.819672131147541	random_state	4
LBGM	['VogtmannE_2016', 'ThomasAM_2018a', 'ZellerG_2014', 'WirbelJ_2018']	FengQ_2015	subspecies	0.7494654312188168	0.6542056074766355	0.43478260869565216	0.5194805194805194	0.43478260869565216	0.819672131147541	random_state	4
LBGM	['VogtmannE_2016', 'YuJ_2015', 'YachidaS_2019', 'ZellerG_2014']	FengQ_2015	subspecies	0.8642195295794726	0.794392523364486	0.5652173913043478	0.7027027027027025	0.5652173913043478	0.9672131147540983	random_state	4
LBGM	['VogtmannE_2016', 'YuJ_2015', 'YachidaS_2019', 'ZellerG_2014']	FengQ_2015	subspecies	0.8642195295794726	0.794392523364486	0.5652173913043478	0.7027027027027025	0.5652173913043478	0.9672131147540983	random_state	4
LBGM	['VogtmannE_2016', 'YuJ_2015', 'YachidaS_2019', 'ZellerG_2014']	FengQ_2015	subspecies	0.8642195295794726	0.794392523364486	0.5652173913043478	0.7027027027027025	0.5652173913043478	0.9672131147540983	random_state	4
LBGM	['VogtmannE_2016', 'YuJ_2015', 'YachidaS_2019', 'WirbelJ_2018']	FengQ_2015	subspecies	0.8464005702066999	0.7570093457943925	0.6086956521739131	0.6829268292682927	0.6086956521739131	0.8688524590163934	random_state	4
LBGM	['VogtmannE_2016', 'YuJ_2015', 'YachidaS_2019', 'WirbelJ_2018']	FengQ_2015	subspecies	0.8464005702066999	0.7570093457943925	0.6086956521739131	0.6829268292682927	0.6086956521739131	0.8688524590163934	random_state	4
LBGM	['VogtmannE_2016', 'YuJ_2015', 'YachidaS_2019', 'WirbelJ_2018']	FengQ_2015	subspecies	0.8464005702066999	0.7570093457943925	0.6086956521739131	0.6829268292682927	0.6086956521739131	0.8688524590163934	random_state	4
LBGM	['VogtmannE_2016', 'YuJ_2015', 'ZellerG_2014', 'WirbelJ_2018']	FengQ_2015	subspecies	0.7925873129009267	0.719626168224299	0.4782608695652174	0.5945945945945946	0.4782608695652174	0.9016393442622951	random_state	4
LBGM	['VogtmannE_2016', 'YuJ_2015', 'ZellerG_2014', 'WirbelJ_2018']	FengQ_2015	subspecies	0.7925873129009267	0.719626168224299	0.4782608695652174	0.5945945945945946	0.4782608695652174	0.9016393442622951	random_state	4
LBGM	['VogtmannE_2016', 'YuJ_2015', 'ZellerG_2014', 'WirbelJ_2018']	FengQ_2015	subspecies	0.7925873129009267	0.719626168224299	0.4782608695652174	0.5945945945945946	0.4782608695652174	0.9016393442622951	random_state	4
LBGM	['VogtmannE_2016', 'YachidaS_2019', 'ZellerG_2014', 'WirbelJ_2018']	FengQ_2015	subspecies	0.8111190306486101	0.7383177570093458	0.391304347826087	0.5625	0.391304347826087	1.0	random_state	4
LBGM	['VogtmannE_2016', 'YachidaS_2019', 'ZellerG_2014', 'WirbelJ_2018']	FengQ_2015	subspecies	0.8111190306486101	0.7383177570093458	0.391304347826087	0.5625	0.391304347826087	1.0	random_state	4
LBGM	['VogtmannE_2016', 'YachidaS_2019', 'ZellerG_2014', 'WirbelJ_2018']	FengQ_2015	subspecies	0.8111190306486101	0.7383177570093458	0.391304347826087	0.5625	0.391304347826087	1.0	random_state	4
LBGM	['ThomasAM_2018a', 'YuJ_2015', 'YachidaS_2019', 'ZellerG_2014']	FengQ_2015	subspecies	0.8941553813257306	0.794392523364486	0.6086956521739131	0.717948717948718	0.6086956521739131	0.9344262295081968	random_state	4
LBGM	['ThomasAM_2018a', 'YuJ_2015', 'YachidaS_2019', 'ZellerG_2014']	FengQ_2015	subspecies	0.8941553813257306	0.794392523364486	0.6086956521739131	0.717948717948718	0.6086956521739131	0.9344262295081968	random_state	4
LBGM	['ThomasAM_2018a', 'YuJ_2015', 'YachidaS_2019', 'ZellerG_2014']	FengQ_2015	subspecies	0.8941553813257306	0.794392523364486	0.6086956521739131	0.717948717948718	0.6086956521739131	0.9344262295081968	random_state	4
LBGM	['ThomasAM_2018a', 'YuJ_2015', 'YachidaS_2019', 'WirbelJ_2018']	FengQ_2015	subspecies	0.8175338560228083	0.7663551401869159	0.5652173913043478	0.6753246753246753	0.5652173913043478	0.9180327868852459	random_state	4
LBGM	['ThomasAM_2018a', 'YuJ_2015', 'YachidaS_2019', 'WirbelJ_2018']	FengQ_2015	subspecies	0.8175338560228083	0.7663551401869159	0.5652173913043478	0.6753246753246753	0.5652173913043478	0.9180327868852459	random_state	4
LBGM	['ThomasAM_2018a', 'YuJ_2015', 'YachidaS_2019', 'WirbelJ_2018']	FengQ_2015	subspecies	0.8175338560228083	0.7663551401869159	0.5652173913043478	0.6753246753246753	0.5652173913043478	0.9180327868852459	random_state	4
LBGM	['ThomasAM_2018a', 'YuJ_2015', 'ZellerG_2014', 'WirbelJ_2018']	FengQ_2015	subspecies	0.7498218104062723	0.6822429906542056	0.5	0.5750000000000001	0.5	0.819672131147541	random_state	4
LBGM	['ThomasAM_2018a', 'YuJ_2015', 'ZellerG_2014', 'WirbelJ_2018']	FengQ_2015	subspecies	0.7498218104062723	0.6822429906542056	0.5	0.5750000000000001	0.5	0.819672131147541	random_state	4
LBGM	['ThomasAM_2018a', 'YuJ_2015', 'ZellerG_2014', 'WirbelJ_2018']	FengQ_2015	subspecies	0.7498218104062723	0.6822429906542056	0.5	0.5750000000000001	0.5	0.819672131147541	random_state	4
LBGM	['ThomasAM_2018a', 'YachidaS_2019', 'ZellerG_2014', 'WirbelJ_2018']	FengQ_2015	subspecies	0.8478260869565216	0.7663551401869159	0.4782608695652174	0.6376811594202898	0.4782608695652174	0.9836065573770492	random_state	4
LBGM	['ThomasAM_2018a', 'YachidaS_2019', 'ZellerG_2014', 'WirbelJ_2018']	FengQ_2015	subspecies	0.8478260869565216	0.7663551401869159	0.4782608695652174	0.6376811594202898	0.4782608695652174	0.9836065573770492	random_state	4
LBGM	['ThomasAM_2018a', 'YachidaS_2019', 'ZellerG_2014', 'WirbelJ_2018']	FengQ_2015	subspecies	0.8478260869565216	0.7663551401869159	0.4782608695652174	0.6376811594202898	0.4782608695652174	0.9836065573770492	random_state	4
LBGM	['YuJ_2015', 'YachidaS_2019', 'ZellerG_2014', 'WirbelJ_2018']	FengQ_2015	subspecies	0.8570919458303635	0.7663551401869159	0.5217391304347826	0.6575342465753423	0.5217391304347826	0.9508196721311475	random_state	4
LBGM	['YuJ_2015', 'YachidaS_2019', 'ZellerG_2014', 'WirbelJ_2018']	FengQ_2015	subspecies	0.8570919458303635	0.7663551401869159	0.5217391304347826	0.6575342465753423	0.5217391304347826	0.9508196721311475	random_state	4
LBGM	['YuJ_2015', 'YachidaS_2019', 'ZellerG_2014', 'WirbelJ_2018']	FengQ_2015	subspecies	0.8570919458303635	0.7663551401869159	0.5217391304347826	0.6575342465753423	0.5217391304347826	0.9508196721311475	random_state	4
LBGM	['VogtmannE_2016', 'ThomasAM_2018a', 'YuJ_2015', 'YachidaS_2019', 'ZellerG_2014']	FengQ_2015	subspecies	0.8660014255167499	0.7850467289719626	0.5217391304347826	0.6760563380281689	0.5217391304347826	0.9836065573770492	random_state	5
LBGM	['VogtmannE_2016', 'ThomasAM_2018a', 'YuJ_2015', 'YachidaS_2019', 'ZellerG_2014']	FengQ_2015	subspecies	0.8660014255167499	0.7850467289719626	0.5217391304347826	0.6760563380281689	0.5217391304347826	0.9836065573770492	random_state	5
LBGM	['VogtmannE_2016', 'ThomasAM_2018a', 'YuJ_2015', 'YachidaS_2019', 'ZellerG_2014']	FengQ_2015	subspecies	0.8660014255167499	0.7850467289719626	0.5217391304347826	0.6760563380281689	0.5217391304347826	0.9836065573770492	random_state	5
LBGM	['VogtmannE_2016', 'ThomasAM_2018a', 'YuJ_2015', 'YachidaS_2019', 'WirbelJ_2018']	FengQ_2015	subspecies	0.8506771204561653	0.794392523364486	0.6304347826086957	0.725	0.6304347826086957	0.9180327868852459	random_state	5
LBGM	['VogtmannE_2016', 'ThomasAM_2018a', 'YuJ_2015', 'YachidaS_2019', 'WirbelJ_2018']	FengQ_2015	subspecies	0.8506771204561653	0.794392523364486	0.6304347826086957	0.725	0.6304347826086957	0.9180327868852459	random_state	5
LBGM	['VogtmannE_2016', 'ThomasAM_2018a', 'YuJ_2015', 'YachidaS_2019', 'WirbelJ_2018']	FengQ_2015	subspecies	0.8506771204561653	0.794392523364486	0.6304347826086957	0.725	0.6304347826086957	0.9180327868852459	random_state	5
LBGM	['VogtmannE_2016', 'ThomasAM_2018a', 'YuJ_2015', 'ZellerG_2014', 'WirbelJ_2018']	FengQ_2015	subspecies	0.7936564504632929	0.7009345794392523	0.4782608695652174	0.5789473684210527	0.4782608695652174	0.8688524590163934	random_state	5
LBGM	['VogtmannE_2016', 'ThomasAM_2018a', 'YuJ_2015', 'ZellerG_2014', 'WirbelJ_2018']	FengQ_2015	subspecies	0.7936564504632929	0.7009345794392523	0.4782608695652174	0.5789473684210527	0.4782608695652174	0.8688524590163934	random_state	5
LBGM	['VogtmannE_2016', 'ThomasAM_2018a', 'YuJ_2015', 'ZellerG_2014', 'WirbelJ_2018']	FengQ_2015	subspecies	0.7936564504632929	0.7009345794392523	0.4782608695652174	0.5789473684210527	0.4782608695652174	0.8688524590163934	random_state	5
LBGM	['VogtmannE_2016', 'ThomasAM_2018a', 'YachidaS_2019', 'ZellerG_2014', 'WirbelJ_2018']	FengQ_2015	subspecies	0.8289379900213827	0.7383177570093458	0.43478260869565216	0.5882352941176471	0.43478260869565216	0.9672131147540983	random_state	5
LBGM	['VogtmannE_2016', 'ThomasAM_2018a', 'YachidaS_2019', 'ZellerG_2014', 'WirbelJ_2018']	FengQ_2015	subspecies	0.8289379900213827	0.7383177570093458	0.43478260869565216	0.5882352941176471	0.43478260869565216	0.9672131147540983	random_state	5
LBGM	['VogtmannE_2016', 'ThomasAM_2018a', 'YachidaS_2019', 'ZellerG_2014', 'WirbelJ_2018']	FengQ_2015	subspecies	0.8289379900213827	0.7383177570093458	0.43478260869565216	0.5882352941176471	0.43478260869565216	0.9672131147540983	random_state	5
LBGM	['VogtmannE_2016', 'YuJ_2015', 'YachidaS_2019', 'ZellerG_2014', 'WirbelJ_2018']	FengQ_2015	subspecies	0.8660014255167497	0.7570093457943925	0.43478260869565216	0.6060606060606061	0.43478260869565216	1.0	random_state	5
LBGM	['VogtmannE_2016', 'YuJ_2015', 'YachidaS_2019', 'ZellerG_2014', 'WirbelJ_2018']	FengQ_2015	subspecies	0.8660014255167497	0.7570093457943925	0.43478260869565216	0.6060606060606061	0.43478260869565216	1.0	random_state	5
LBGM	['VogtmannE_2016', 'YuJ_2015', 'YachidaS_2019', 'ZellerG_2014', 'WirbelJ_2018']	FengQ_2015	subspecies	0.8660014255167497	0.7570093457943925	0.43478260869565216	0.6060606060606061	0.43478260869565216	1.0	random_state	5
LBGM	['ThomasAM_2018a', 'YuJ_2015', 'YachidaS_2019', 'ZellerG_2014', 'WirbelJ_2018']	FengQ_2015	subspecies	0.8545972915181753	0.7570093457943925	0.5652173913043478	0.6666666666666667	0.5652173913043478	0.9016393442622951	random_state	5
LBGM	['ThomasAM_2018a', 'YuJ_2015', 'YachidaS_2019', 'ZellerG_2014', 'WirbelJ_2018']	FengQ_2015	subspecies	0.8545972915181753	0.7570093457943925	0.5652173913043478	0.6666666666666667	0.5652173913043478	0.9016393442622951	random_state	5
LBGM	['ThomasAM_2018a', 'YuJ_2015', 'YachidaS_2019', 'ZellerG_2014', 'WirbelJ_2018']	FengQ_2015	subspecies	0.8545972915181753	0.7570093457943925	0.5652173913043478	0.6666666666666667	0.5652173913043478	0.9016393442622951	random_state	5
LBGM	['VogtmannE_2016', 'ThomasAM_2018a', 'YuJ_2015', 'YachidaS_2019', 'ZellerG_2014', 'WirbelJ_2018']	FengQ_2015	subspecies	0.8741981468282253	0.7663551401869159	0.45652173913043476	0.626865671641791	0.45652173913043476	1.0	random_state	6
LBGM	['VogtmannE_2016', 'ThomasAM_2018a', 'YuJ_2015', 'YachidaS_2019', 'ZellerG_2014', 'WirbelJ_2018']	FengQ_2015	subspecies	0.8741981468282253	0.7663551401869159	0.45652173913043476	0.626865671641791	0.45652173913043476	1.0	random_state	6
LBGM	['VogtmannE_2016', 'ThomasAM_2018a', 'YuJ_2015', 'YachidaS_2019', 'ZellerG_2014', 'WirbelJ_2018']	FengQ_2015	subspecies	0.8741981468282253	0.7663551401869159	0.45652173913043476	0.626865671641791	0.45652173913043476	1.0	random_state	6
LBGM	['VogtmannE_2016']	YachidaS_2019	subspecies	0.5686666666666667	0.5413385826771654	0.437984496124031	0.49237472766884527	0.437984496124031	0.648	random_state	1
LBGM	['VogtmannE_2016']	YachidaS_2019	subspecies	0.5686666666666667	0.5413385826771654	0.437984496124031	0.49237472766884527	0.437984496124031	0.648	random_state	1
LBGM	['VogtmannE_2016']	YachidaS_2019	subspecies	0.5686666666666667	0.5413385826771654	0.437984496124031	0.49237472766884527	0.437984496124031	0.648	random_state	1
LBGM	['ThomasAM_2018a']	YachidaS_2019	subspecies	0.5246666666666666	0.5078740157480315	0.8217054263565892	0.6290801186943619	0.8217054263565892	0.184	random_state	1
LBGM	['ThomasAM_2018a']	YachidaS_2019	subspecies	0.5246666666666666	0.5078740157480315	0.8217054263565892	0.6290801186943619	0.8217054263565892	0.184	random_state	1
LBGM	['ThomasAM_2018a']	YachidaS_2019	subspecies	0.5246666666666666	0.5078740157480315	0.8217054263565892	0.6290801186943619	0.8217054263565892	0.184	random_state	1
LBGM	['YuJ_2015']	YachidaS_2019	subspecies	0.6307286821705427	0.547244094488189	0.8565891472868217	0.6577380952380952	0.8565891472868217	0.228	random_state	1
LBGM	['YuJ_2015']	YachidaS_2019	subspecies	0.6307286821705427	0.547244094488189	0.8565891472868217	0.6577380952380952	0.8565891472868217	0.228	random_state	1
LBGM	['YuJ_2015']	YachidaS_2019	subspecies	0.6307286821705427	0.547244094488189	0.8565891472868217	0.6577380952380952	0.8565891472868217	0.228	random_state	1
LBGM	['FengQ_2015']	YachidaS_2019	subspecies	0.6295658914728682	0.5688976377952756	0.5852713178294574	0.5796545105566219	0.5852713178294574	0.552	random_state	1
LBGM	['FengQ_2015']	YachidaS_2019	subspecies	0.6295658914728682	0.5688976377952756	0.5852713178294574	0.5796545105566219	0.5852713178294574	0.552	random_state	1
LBGM	['FengQ_2015']	YachidaS_2019	subspecies	0.6295658914728682	0.5688976377952756	0.5852713178294574	0.5796545105566219	0.5852713178294574	0.552	random_state	1
LBGM	['ZellerG_2014']	YachidaS_2019	subspecies	0.6046666666666667	0.5748031496062992	0.8062015503875969	0.6582278481012658	0.8062015503875969	0.336	random_state	1
LBGM	['ZellerG_2014']	YachidaS_2019	subspecies	0.6046666666666667	0.5748031496062992	0.8062015503875969	0.6582278481012658	0.8062015503875969	0.336	random_state	1
LBGM	['ZellerG_2014']	YachidaS_2019	subspecies	0.6046666666666667	0.5748031496062992	0.8062015503875969	0.6582278481012658	0.8062015503875969	0.336	random_state	1
LBGM	['WirbelJ_2018']	YachidaS_2019	subspecies	0.6168837209302326	0.5748031496062992	0.7325581395348837	0.6363636363636364	0.7325581395348837	0.412	random_state	1
LBGM	['WirbelJ_2018']	YachidaS_2019	subspecies	0.6168837209302326	0.5748031496062992	0.7325581395348837	0.6363636363636364	0.7325581395348837	0.412	random_state	1
LBGM	['WirbelJ_2018']	YachidaS_2019	subspecies	0.6168837209302326	0.5748031496062992	0.7325581395348837	0.6363636363636364	0.7325581395348837	0.412	random_state	1
LBGM	['VogtmannE_2016', 'ThomasAM_2018a']	YachidaS_2019	subspecies	0.5926666666666667	0.5570866141732284	0.5271317829457365	0.5472837022132797	0.5271317829457365	0.588	random_state	2
LBGM	['VogtmannE_2016', 'ThomasAM_2018a']	YachidaS_2019	subspecies	0.5926666666666667	0.5570866141732284	0.5271317829457365	0.5472837022132797	0.5271317829457365	0.588	random_state	2
LBGM	['VogtmannE_2016', 'ThomasAM_2018a']	YachidaS_2019	subspecies	0.5926666666666667	0.5570866141732284	0.5271317829457365	0.5472837022132797	0.5271317829457365	0.588	random_state	2
LBGM	['VogtmannE_2016', 'YuJ_2015']	YachidaS_2019	subspecies	0.696108527131783	0.6496062992125984	0.7286821705426356	0.6787003610108303	0.7286821705426356	0.568	random_state	2
LBGM	['VogtmannE_2016', 'YuJ_2015']	YachidaS_2019	subspecies	0.696108527131783	0.6496062992125984	0.7286821705426356	0.6787003610108303	0.7286821705426356	0.568	random_state	2
LBGM	['VogtmannE_2016', 'YuJ_2015']	YachidaS_2019	subspecies	0.696108527131783	0.6496062992125984	0.7286821705426356	0.6787003610108303	0.7286821705426356	0.568	random_state	2
LBGM	['VogtmannE_2016', 'FengQ_2015']	YachidaS_2019	subspecies	0.6823410852713179	0.639763779527559	0.7286821705426356	0.6726296958855097	0.7286821705426356	0.548	random_state	2
LBGM	['VogtmannE_2016', 'FengQ_2015']	YachidaS_2019	subspecies	0.6823410852713179	0.639763779527559	0.7286821705426356	0.6726296958855097	0.7286821705426356	0.548	random_state	2
LBGM	['VogtmannE_2016', 'FengQ_2015']	YachidaS_2019	subspecies	0.6823410852713179	0.639763779527559	0.7286821705426356	0.6726296958855097	0.7286821705426356	0.548	random_state	2
LBGM	['VogtmannE_2016', 'ZellerG_2014']	YachidaS_2019	subspecies	0.6144961240310077	0.610236220472441	0.7131782945736435	0.6501766784452297	0.7131782945736435	0.504	random_state	2
LBGM	['VogtmannE_2016', 'ZellerG_2014']	YachidaS_2019	subspecies	0.6144961240310077	0.610236220472441	0.7131782945736435	0.6501766784452297	0.7131782945736435	0.504	random_state	2
LBGM	['VogtmannE_2016', 'ZellerG_2014']	YachidaS_2019	subspecies	0.6144961240310077	0.610236220472441	0.7131782945736435	0.6501766784452297	0.7131782945736435	0.504	random_state	2
LBGM	['VogtmannE_2016', 'WirbelJ_2018']	YachidaS_2019	subspecies	0.6175658914728682	0.6043307086614174	0.5736434108527132	0.5955734406438631	0.5736434108527132	0.636	random_state	2
LBGM	['VogtmannE_2016', 'WirbelJ_2018']	YachidaS_2019	subspecies	0.6175658914728682	0.6043307086614174	0.5736434108527132	0.5955734406438631	0.5736434108527132	0.636	random_state	2
LBGM	['VogtmannE_2016', 'WirbelJ_2018']	YachidaS_2019	subspecies	0.6175658914728682	0.6043307086614174	0.5736434108527132	0.5955734406438631	0.5736434108527132	0.636	random_state	2
LBGM	['ThomasAM_2018a', 'YuJ_2015']	YachidaS_2019	subspecies	0.6574573643410853	0.6062992125984252	0.7325581395348837	0.6539792387543252	0.7325581395348837	0.476	random_state	2
LBGM	['ThomasAM_2018a', 'YuJ_2015']	YachidaS_2019	subspecies	0.6574573643410853	0.6062992125984252	0.7325581395348837	0.6539792387543252	0.7325581395348837	0.476	random_state	2
LBGM	['ThomasAM_2018a', 'YuJ_2015']	YachidaS_2019	subspecies	0.6574573643410853	0.6062992125984252	0.7325581395348837	0.6539792387543252	0.7325581395348837	0.476	random_state	2
LBGM	['ThomasAM_2018a', 'FengQ_2015']	YachidaS_2019	subspecies	0.6847751937984496	0.6023622047244095	0.6937984496124031	0.6392857142857143	0.6937984496124031	0.508	random_state	2
LBGM	['ThomasAM_2018a', 'FengQ_2015']	YachidaS_2019	subspecies	0.6847751937984496	0.6023622047244095	0.6937984496124031	0.6392857142857143	0.6937984496124031	0.508	random_state	2
LBGM	['ThomasAM_2018a', 'FengQ_2015']	YachidaS_2019	subspecies	0.6847751937984496	0.6023622047244095	0.6937984496124031	0.6392857142857143	0.6937984496124031	0.508	random_state	2
LBGM	['ThomasAM_2018a', 'ZellerG_2014']	YachidaS_2019	subspecies	0.6654263565891474	0.6122047244094488	0.6395348837209303	0.6261859582542695	0.6395348837209303	0.584	random_state	2
LBGM	['ThomasAM_2018a', 'ZellerG_2014']	YachidaS_2019	subspecies	0.6654263565891474	0.6122047244094488	0.6395348837209303	0.6261859582542695	0.6395348837209303	0.584	random_state	2
LBGM	['ThomasAM_2018a', 'ZellerG_2014']	YachidaS_2019	subspecies	0.6654263565891474	0.6122047244094488	0.6395348837209303	0.6261859582542695	0.6395348837209303	0.584	random_state	2
LBGM	['ThomasAM_2018a', 'WirbelJ_2018']	YachidaS_2019	subspecies	0.6242480620155038	0.59251968503937	0.5116279069767442	0.5605095541401273	0.5116279069767442	0.676	random_state	2
LBGM	['ThomasAM_2018a', 'WirbelJ_2018']	YachidaS_2019	subspecies	0.6242480620155038	0.59251968503937	0.5116279069767442	0.5605095541401273	0.5116279069767442	0.676	random_state	2
LBGM	['ThomasAM_2018a', 'WirbelJ_2018']	YachidaS_2019	subspecies	0.6242480620155038	0.59251968503937	0.5116279069767442	0.5605095541401273	0.5116279069767442	0.676	random_state	2
LBGM	['YuJ_2015', 'FengQ_2015']	YachidaS_2019	subspecies	0.7192868217054263	0.6318897637795275	0.8372093023255814	0.6978998384491114	0.8372093023255814	0.42	random_state	2
LBGM	['YuJ_2015', 'FengQ_2015']	YachidaS_2019	subspecies	0.7192868217054263	0.6318897637795275	0.8372093023255814	0.6978998384491114	0.8372093023255814	0.42	random_state	2
LBGM	['YuJ_2015', 'FengQ_2015']	YachidaS_2019	subspecies	0.7192868217054263	0.6318897637795275	0.8372093023255814	0.6978998384491114	0.8372093023255814	0.42	random_state	2
LBGM	['YuJ_2015', 'ZellerG_2014']	YachidaS_2019	subspecies	0.6540930232558139	0.5885826771653543	0.810077519379845	0.6666666666666666	0.810077519379845	0.36	random_state	2
LBGM	['YuJ_2015', 'ZellerG_2014']	YachidaS_2019	subspecies	0.6540930232558139	0.5885826771653543	0.810077519379845	0.6666666666666666	0.810077519379845	0.36	random_state	2
LBGM	['YuJ_2015', 'ZellerG_2014']	YachidaS_2019	subspecies	0.6540930232558139	0.5885826771653543	0.810077519379845	0.6666666666666666	0.810077519379845	0.36	random_state	2
LBGM	['YuJ_2015', 'WirbelJ_2018']	YachidaS_2019	subspecies	0.6793023255813955	0.6141732283464567	0.7984496124031008	0.6776315789473683	0.7984496124031008	0.424	random_state	2
LBGM	['YuJ_2015', 'WirbelJ_2018']	YachidaS_2019	subspecies	0.6793023255813955	0.6141732283464567	0.7984496124031008	0.6776315789473683	0.7984496124031008	0.424	random_state	2
LBGM	['YuJ_2015', 'WirbelJ_2018']	YachidaS_2019	subspecies	0.6793023255813955	0.6141732283464567	0.7984496124031008	0.6776315789473683	0.7984496124031008	0.424	random_state	2
LBGM	['FengQ_2015', 'ZellerG_2014']	YachidaS_2019	subspecies	0.6897829457364342	0.6259842519685039	0.810077519379845	0.6875000000000001	0.810077519379845	0.436	random_state	2
LBGM	['FengQ_2015', 'ZellerG_2014']	YachidaS_2019	subspecies	0.6897829457364342	0.6259842519685039	0.810077519379845	0.6875000000000001	0.810077519379845	0.436	random_state	2
LBGM	['FengQ_2015', 'ZellerG_2014']	YachidaS_2019	subspecies	0.6897829457364342	0.6259842519685039	0.810077519379845	0.6875000000000001	0.810077519379845	0.436	random_state	2
LBGM	['FengQ_2015', 'WirbelJ_2018']	YachidaS_2019	subspecies	0.7086511627906977	0.6377952755905512	0.5503875968992248	0.6068376068376069	0.5503875968992248	0.728	random_state	2
LBGM	['FengQ_2015', 'WirbelJ_2018']	YachidaS_2019	subspecies	0.7086511627906977	0.6377952755905512	0.5503875968992248	0.6068376068376069	0.5503875968992248	0.728	random_state	2
LBGM	['FengQ_2015', 'WirbelJ_2018']	YachidaS_2019	subspecies	0.7086511627906977	0.6377952755905512	0.5503875968992248	0.6068376068376069	0.5503875968992248	0.728	random_state	2
LBGM	['ZellerG_2014', 'WirbelJ_2018']	YachidaS_2019	subspecies	0.6457519379844961	0.5767716535433071	0.8062015503875969	0.659270998415214	0.8062015503875969	0.34	random_state	2
LBGM	['ZellerG_2014', 'WirbelJ_2018']	YachidaS_2019	subspecies	0.6457519379844961	0.5767716535433071	0.8062015503875969	0.659270998415214	0.8062015503875969	0.34	random_state	2
LBGM	['ZellerG_2014', 'WirbelJ_2018']	YachidaS_2019	subspecies	0.6457519379844961	0.5767716535433071	0.8062015503875969	0.659270998415214	0.8062015503875969	0.34	random_state	2
LBGM	['VogtmannE_2016', 'ThomasAM_2018a', 'YuJ_2015']	YachidaS_2019	subspecies	0.685953488372093	0.6122047244094488	0.7093023255813954	0.650088809946714	0.7093023255813954	0.512	random_state	3
LBGM	['VogtmannE_2016', 'ThomasAM_2018a', 'YuJ_2015']	YachidaS_2019	subspecies	0.685953488372093	0.6122047244094488	0.7093023255813954	0.650088809946714	0.7093023255813954	0.512	random_state	3
LBGM	['VogtmannE_2016', 'ThomasAM_2018a', 'YuJ_2015']	YachidaS_2019	subspecies	0.685953488372093	0.6122047244094488	0.7093023255813954	0.650088809946714	0.7093023255813954	0.512	random_state	3
LBGM	['VogtmannE_2016', 'ThomasAM_2018a', 'FengQ_2015']	YachidaS_2019	subspecies	0.704232558139535	0.6259842519685039	0.6201550387596899	0.6274509803921569	0.6201550387596899	0.632	random_state	3
LBGM	['VogtmannE_2016', 'ThomasAM_2018a', 'FengQ_2015']	YachidaS_2019	subspecies	0.704232558139535	0.6259842519685039	0.6201550387596899	0.6274509803921569	0.6201550387596899	0.632	random_state	3
LBGM	['VogtmannE_2016', 'ThomasAM_2018a', 'FengQ_2015']	YachidaS_2019	subspecies	0.704232558139535	0.6259842519685039	0.6201550387596899	0.6274509803921569	0.6201550387596899	0.632	random_state	3
LBGM	['VogtmannE_2016', 'ThomasAM_2018a', 'ZellerG_2014']	YachidaS_2019	subspecies	0.6333178294573645	0.5984251968503937	0.5775193798449613	0.593625498007968	0.5775193798449613	0.62	random_state	3
LBGM	['VogtmannE_2016', 'ThomasAM_2018a', 'ZellerG_2014']	YachidaS_2019	subspecies	0.6333178294573645	0.5984251968503937	0.5775193798449613	0.593625498007968	0.5775193798449613	0.62	random_state	3
LBGM	['VogtmannE_2016', 'ThomasAM_2018a', 'ZellerG_2014']	YachidaS_2019	subspecies	0.6333178294573645	0.5984251968503937	0.5775193798449613	0.593625498007968	0.5775193798449613	0.62	random_state	3
LBGM	['VogtmannE_2016', 'ThomasAM_2018a', 'WirbelJ_2018']	YachidaS_2019	subspecies	0.6473488372093024	0.6200787401574803	0.5930232558139535	0.6132264529058116	0.5930232558139535	0.648	random_state	3
LBGM	['VogtmannE_2016', 'ThomasAM_2018a', 'WirbelJ_2018']	YachidaS_2019	subspecies	0.6473488372093024	0.6200787401574803	0.5930232558139535	0.6132264529058116	0.5930232558139535	0.648	random_state	3
LBGM	['VogtmannE_2016', 'ThomasAM_2018a', 'WirbelJ_2018']	YachidaS_2019	subspecies	0.6473488372093024	0.6200787401574803	0.5930232558139535	0.6132264529058116	0.5930232558139535	0.648	random_state	3
LBGM	['VogtmannE_2016', 'YuJ_2015', 'FengQ_2015']	YachidaS_2019	subspecies	0.7053953488372092	0.6417322834645669	0.751937984496124	0.6807017543859649	0.751937984496124	0.528	random_state	3
LBGM	['VogtmannE_2016', 'YuJ_2015', 'FengQ_2015']	YachidaS_2019	subspecies	0.7053953488372092	0.6417322834645669	0.751937984496124	0.6807017543859649	0.751937984496124	0.528	random_state	3
LBGM	['VogtmannE_2016', 'YuJ_2015', 'FengQ_2015']	YachidaS_2019	subspecies	0.7053953488372092	0.6417322834645669	0.751937984496124	0.6807017543859649	0.751937984496124	0.528	random_state	3
LBGM	['VogtmannE_2016', 'YuJ_2015', 'ZellerG_2014']	YachidaS_2019	subspecies	0.6656124031007752	0.610236220472441	0.751937984496124	0.6621160409556315	0.751937984496124	0.464	random_state	3
LBGM	['VogtmannE_2016', 'YuJ_2015', 'ZellerG_2014']	YachidaS_2019	subspecies	0.6656124031007752	0.610236220472441	0.751937984496124	0.6621160409556315	0.751937984496124	0.464	random_state	3
LBGM	['VogtmannE_2016', 'YuJ_2015', 'ZellerG_2014']	YachidaS_2019	subspecies	0.6656124031007752	0.610236220472441	0.751937984496124	0.6621160409556315	0.751937984496124	0.464	random_state	3
LBGM	['VogtmannE_2016', 'YuJ_2015', 'WirbelJ_2018']	YachidaS_2019	subspecies	0.6805426356589148	0.6082677165354331	0.7131782945736435	0.6490299823633158	0.7131782945736435	0.5	random_state	3
LBGM	['VogtmannE_2016', 'YuJ_2015', 'WirbelJ_2018']	YachidaS_2019	subspecies	0.6805426356589148	0.6082677165354331	0.7131782945736435	0.6490299823633158	0.7131782945736435	0.5	random_state	3
LBGM	['VogtmannE_2016', 'YuJ_2015', 'WirbelJ_2018']	YachidaS_2019	subspecies	0.6805426356589148	0.6082677165354331	0.7131782945736435	0.6490299823633158	0.7131782945736435	0.5	random_state	3
LBGM	['VogtmannE_2016', 'FengQ_2015', 'ZellerG_2014']	YachidaS_2019	subspecies	0.6847596899224807	0.6318897637795275	0.7713178294573644	0.6803418803418804	0.7713178294573644	0.488	random_state	3
LBGM	['VogtmannE_2016', 'FengQ_2015', 'ZellerG_2014']	YachidaS_2019	subspecies	0.6847596899224807	0.6318897637795275	0.7713178294573644	0.6803418803418804	0.7713178294573644	0.488	random_state	3
LBGM	['VogtmannE_2016', 'FengQ_2015', 'ZellerG_2014']	YachidaS_2019	subspecies	0.6847596899224807	0.6318897637795275	0.7713178294573644	0.6803418803418804	0.7713178294573644	0.488	random_state	3
LBGM	['VogtmannE_2016', 'FengQ_2015', 'WirbelJ_2018']	YachidaS_2019	subspecies	0.715829457364341	0.6673228346456693	0.6395348837209303	0.6613226452905812	0.6395348837209303	0.696	random_state	3
LBGM	['VogtmannE_2016', 'FengQ_2015', 'WirbelJ_2018']	YachidaS_2019	subspecies	0.715829457364341	0.6673228346456693	0.6395348837209303	0.6613226452905812	0.6395348837209303	0.696	random_state	3
LBGM	['VogtmannE_2016', 'FengQ_2015', 'WirbelJ_2018']	YachidaS_2019	subspecies	0.715829457364341	0.6673228346456693	0.6395348837209303	0.6613226452905812	0.6395348837209303	0.696	random_state	3
LBGM	['VogtmannE_2016', 'ZellerG_2014', 'WirbelJ_2018']	YachidaS_2019	subspecies	0.6564961240310077	0.6181102362204725	0.689922480620155	0.6472727272727273	0.689922480620155	0.544	random_state	3
LBGM	['VogtmannE_2016', 'ZellerG_2014', 'WirbelJ_2018']	YachidaS_2019	subspecies	0.6564961240310077	0.6181102362204725	0.689922480620155	0.6472727272727273	0.689922480620155	0.544	random_state	3
LBGM	['VogtmannE_2016', 'ZellerG_2014', 'WirbelJ_2018']	YachidaS_2019	subspecies	0.6564961240310077	0.6181102362204725	0.689922480620155	0.6472727272727273	0.689922480620155	0.544	random_state	3
LBGM	['ThomasAM_2018a', 'YuJ_2015', 'FengQ_2015']	YachidaS_2019	subspecies	0.7096744186046511	0.6437007874015748	0.6744186046511628	0.6578449905482041	0.6744186046511628	0.612	random_state	3
LBGM	['ThomasAM_2018a', 'YuJ_2015', 'FengQ_2015']	YachidaS_2019	subspecies	0.7096744186046511	0.6437007874015748	0.6744186046511628	0.6578449905482041	0.6744186046511628	0.612	random_state	3
LBGM	['ThomasAM_2018a', 'YuJ_2015', 'FengQ_2015']	YachidaS_2019	subspecies	0.7096744186046511	0.6437007874015748	0.6744186046511628	0.6578449905482041	0.6744186046511628	0.612	random_state	3
LBGM	['ThomasAM_2018a', 'YuJ_2015', 'ZellerG_2014']	YachidaS_2019	subspecies	0.6674108527131781	0.6240157480314961	0.7364341085271318	0.6654991243432574	0.7364341085271318	0.508	random_state	3
LBGM	['ThomasAM_2018a', 'YuJ_2015', 'ZellerG_2014']	YachidaS_2019	subspecies	0.6674108527131781	0.6240157480314961	0.7364341085271318	0.6654991243432574	0.7364341085271318	0.508	random_state	3
LBGM	['ThomasAM_2018a', 'YuJ_2015', 'ZellerG_2014']	YachidaS_2019	subspecies	0.6674108527131781	0.6240157480314961	0.7364341085271318	0.6654991243432574	0.7364341085271318	0.508	random_state	3
LBGM	['ThomasAM_2018a', 'YuJ_2015', 'WirbelJ_2018']	YachidaS_2019	subspecies	0.6769612403100775	0.610236220472441	0.7015503875968992	0.6464285714285715	0.7015503875968992	0.516	random_state	3
LBGM	['ThomasAM_2018a', 'YuJ_2015', 'WirbelJ_2018']	YachidaS_2019	subspecies	0.6769612403100775	0.610236220472441	0.7015503875968992	0.6464285714285715	0.7015503875968992	0.516	random_state	3
LBGM	['ThomasAM_2018a', 'YuJ_2015', 'WirbelJ_2018']	YachidaS_2019	subspecies	0.6769612403100775	0.610236220472441	0.7015503875968992	0.6464285714285715	0.7015503875968992	0.516	random_state	3
LBGM	['ThomasAM_2018a', 'FengQ_2015', 'ZellerG_2014']	YachidaS_2019	subspecies	0.6955968992248062	0.639763779527559	0.7015503875968992	0.6642201834862386	0.7015503875968992	0.576	random_state	3
LBGM	['ThomasAM_2018a', 'FengQ_2015', 'ZellerG_2014']	YachidaS_2019	subspecies	0.6955968992248062	0.639763779527559	0.7015503875968992	0.6642201834862386	0.7015503875968992	0.576	random_state	3
LBGM	['ThomasAM_2018a', 'FengQ_2015', 'ZellerG_2014']	YachidaS_2019	subspecies	0.6955968992248062	0.639763779527559	0.7015503875968992	0.6642201834862386	0.7015503875968992	0.576	random_state	3
LBGM	['ThomasAM_2018a', 'FengQ_2015', 'WirbelJ_2018']	YachidaS_2019	subspecies	0.6986201550387596	0.6594488188976378	0.627906976744186	0.6519114688128772	0.627906976744186	0.692	random_state	3
LBGM	['ThomasAM_2018a', 'FengQ_2015', 'WirbelJ_2018']	YachidaS_2019	subspecies	0.6986201550387596	0.6594488188976378	0.627906976744186	0.6519114688128772	0.627906976744186	0.692	random_state	3
LBGM	['ThomasAM_2018a', 'FengQ_2015', 'WirbelJ_2018']	YachidaS_2019	subspecies	0.6986201550387596	0.6594488188976378	0.627906976744186	0.6519114688128772	0.627906976744186	0.692	random_state	3
LBGM	['ThomasAM_2018a', 'ZellerG_2014', 'WirbelJ_2018']	YachidaS_2019	subspecies	0.6355193798449612	0.5984251968503937	0.6782945736434108	0.631768953068592	0.6782945736434108	0.516	random_state	3
LBGM	['ThomasAM_2018a', 'ZellerG_2014', 'WirbelJ_2018']	YachidaS_2019	subspecies	0.6355193798449612	0.5984251968503937	0.6782945736434108	0.631768953068592	0.6782945736434108	0.516	random_state	3
LBGM	['ThomasAM_2018a', 'ZellerG_2014', 'WirbelJ_2018']	YachidaS_2019	subspecies	0.6355193798449612	0.5984251968503937	0.6782945736434108	0.631768953068592	0.6782945736434108	0.516	random_state	3
LBGM	['YuJ_2015', 'FengQ_2015', 'ZellerG_2014']	YachidaS_2019	subspecies	0.6843720930232557	0.6417322834645669	0.813953488372093	0.6976744186046512	0.813953488372093	0.464	random_state	3
LBGM	['YuJ_2015', 'FengQ_2015', 'ZellerG_2014']	YachidaS_2019	subspecies	0.6843720930232557	0.6417322834645669	0.813953488372093	0.6976744186046512	0.813953488372093	0.464	random_state	3
LBGM	['YuJ_2015', 'FengQ_2015', 'ZellerG_2014']	YachidaS_2019	subspecies	0.6843720930232557	0.6417322834645669	0.813953488372093	0.6976744186046512	0.813953488372093	0.464	random_state	3
LBGM	['YuJ_2015', 'FengQ_2015', 'WirbelJ_2018']	YachidaS_2019	subspecies	0.7177054263565892	0.6633858267716536	0.7170542635658915	0.6839186691312384	0.7170542635658915	0.608	random_state	3
LBGM	['YuJ_2015', 'FengQ_2015', 'WirbelJ_2018']	YachidaS_2019	subspecies	0.7177054263565892	0.6633858267716536	0.7170542635658915	0.6839186691312384	0.7170542635658915	0.608	random_state	3
LBGM	['YuJ_2015', 'FengQ_2015', 'WirbelJ_2018']	YachidaS_2019	subspecies	0.7177054263565892	0.6633858267716536	0.7170542635658915	0.6839186691312384	0.7170542635658915	0.608	random_state	3
LBGM	['YuJ_2015', 'ZellerG_2014', 'WirbelJ_2018']	YachidaS_2019	subspecies	0.6542790697674419	0.6043307086614174	0.7868217054263565	0.6688632619439867	0.7868217054263565	0.416	random_state	3
LBGM	['YuJ_2015', 'ZellerG_2014', 'WirbelJ_2018']	YachidaS_2019	subspecies	0.6542790697674419	0.6043307086614174	0.7868217054263565	0.6688632619439867	0.7868217054263565	0.416	random_state	3
LBGM	['YuJ_2015', 'ZellerG_2014', 'WirbelJ_2018']	YachidaS_2019	subspecies	0.6542790697674419	0.6043307086614174	0.7868217054263565	0.6688632619439867	0.7868217054263565	0.416	random_state	3
LBGM	['FengQ_2015', 'ZellerG_2014', 'WirbelJ_2018']	YachidaS_2019	subspecies	0.6794573643410852	0.6318897637795275	0.7596899224806202	0.6770293609671848	0.7596899224806202	0.5	random_state	3
LBGM	['FengQ_2015', 'ZellerG_2014', 'WirbelJ_2018']	YachidaS_2019	subspecies	0.6794573643410852	0.6318897637795275	0.7596899224806202	0.6770293609671848	0.7596899224806202	0.5	random_state	3
LBGM	['FengQ_2015', 'ZellerG_2014', 'WirbelJ_2018']	YachidaS_2019	subspecies	0.6794573643410852	0.6318897637795275	0.7596899224806202	0.6770293609671848	0.7596899224806202	0.5	random_state	3
LBGM	['VogtmannE_2016', 'ThomasAM_2018a', 'YuJ_2015', 'FengQ_2015']	YachidaS_2019	subspecies	0.700062015503876	0.6476377952755905	0.6589147286821705	0.655105973025048	0.6589147286821705	0.636	random_state	4
LBGM	['VogtmannE_2016', 'ThomasAM_2018a', 'YuJ_2015', 'FengQ_2015']	YachidaS_2019	subspecies	0.700062015503876	0.6476377952755905	0.6589147286821705	0.655105973025048	0.6589147286821705	0.636	random_state	4
LBGM	['VogtmannE_2016', 'ThomasAM_2018a', 'YuJ_2015', 'FengQ_2015']	YachidaS_2019	subspecies	0.700062015503876	0.6476377952755905	0.6589147286821705	0.655105973025048	0.6589147286821705	0.636	random_state	4
LBGM	['VogtmannE_2016', 'ThomasAM_2018a', 'YuJ_2015', 'ZellerG_2014']	YachidaS_2019	subspecies	0.6737054263565891	0.6220472440944882	0.7131782945736435	0.6571428571428573	0.7131782945736435	0.528	random_state	4
LBGM	['VogtmannE_2016', 'ThomasAM_2018a', 'YuJ_2015', 'ZellerG_2014']	YachidaS_2019	subspecies	0.6737054263565891	0.6220472440944882	0.7131782945736435	0.6571428571428573	0.7131782945736435	0.528	random_state	4
LBGM	['VogtmannE_2016', 'ThomasAM_2018a', 'YuJ_2015', 'ZellerG_2014']	YachidaS_2019	subspecies	0.6737054263565891	0.6220472440944882	0.7131782945736435	0.6571428571428573	0.7131782945736435	0.528	random_state	4
LBGM	['VogtmannE_2016', 'ThomasAM_2018a', 'YuJ_2015', 'WirbelJ_2018']	YachidaS_2019	subspecies	0.6852713178294574	0.6003937007874016	0.7286821705426356	0.6493955094991364	0.7286821705426356	0.468	random_state	4
LBGM	['VogtmannE_2016', 'ThomasAM_2018a', 'YuJ_2015', 'WirbelJ_2018']	YachidaS_2019	subspecies	0.6852713178294574	0.6003937007874016	0.7286821705426356	0.6493955094991364	0.7286821705426356	0.468	random_state	4
LBGM	['VogtmannE_2016', 'ThomasAM_2018a', 'YuJ_2015', 'WirbelJ_2018']	YachidaS_2019	subspecies	0.6852713178294574	0.6003937007874016	0.7286821705426356	0.6493955094991364	0.7286821705426356	0.468	random_state	4
LBGM	['VogtmannE_2016', 'ThomasAM_2018a', 'FengQ_2015', 'ZellerG_2014']	YachidaS_2019	subspecies	0.6799689922480621	0.6437007874015748	0.7209302325581395	0.6726943942133815	0.7209302325581395	0.564	random_state	4
LBGM	['VogtmannE_2016', 'ThomasAM_2018a', 'FengQ_2015', 'ZellerG_2014']	YachidaS_2019	subspecies	0.6799689922480621	0.6437007874015748	0.7209302325581395	0.6726943942133815	0.7209302325581395	0.564	random_state	4
LBGM	['VogtmannE_2016', 'ThomasAM_2018a', 'FengQ_2015', 'ZellerG_2014']	YachidaS_2019	subspecies	0.6799689922480621	0.6437007874015748	0.7209302325581395	0.6726943942133815	0.7209302325581395	0.564	random_state	4
LBGM	['VogtmannE_2016', 'ThomasAM_2018a', 'FengQ_2015', 'WirbelJ_2018']	YachidaS_2019	subspecies	0.7216124031007751	0.6732283464566929	0.6356589147286822	0.6639676113360323	0.6356589147286822	0.712	random_state	4
LBGM	['VogtmannE_2016', 'ThomasAM_2018a', 'FengQ_2015', 'WirbelJ_2018']	YachidaS_2019	subspecies	0.7216124031007751	0.6732283464566929	0.6356589147286822	0.6639676113360323	0.6356589147286822	0.712	random_state	4
LBGM	['VogtmannE_2016', 'ThomasAM_2018a', 'FengQ_2015', 'WirbelJ_2018']	YachidaS_2019	subspecies	0.7216124031007751	0.6732283464566929	0.6356589147286822	0.6639676113360323	0.6356589147286822	0.712	random_state	4
LBGM	['VogtmannE_2016', 'ThomasAM_2018a', 'ZellerG_2014', 'WirbelJ_2018']	YachidaS_2019	subspecies	0.6705891472868217	0.6437007874015748	0.6395348837209303	0.6457925636007827	0.6395348837209303	0.648	random_state	4
LBGM	['VogtmannE_2016', 'ThomasAM_2018a', 'ZellerG_2014', 'WirbelJ_2018']	YachidaS_2019	subspecies	0.6705891472868217	0.6437007874015748	0.6395348837209303	0.6457925636007827	0.6395348837209303	0.648	random_state	4
LBGM	['VogtmannE_2016', 'ThomasAM_2018a', 'ZellerG_2014', 'WirbelJ_2018']	YachidaS_2019	subspecies	0.6705891472868217	0.6437007874015748	0.6395348837209303	0.6457925636007827	0.6395348837209303	0.648	random_state	4
LBGM	['VogtmannE_2016', 'YuJ_2015', 'FengQ_2015', 'ZellerG_2014']	YachidaS_2019	subspecies	0.697953488372093	0.6259842519685039	0.7558139534883721	0.6724137931034482	0.7558139534883721	0.492	random_state	4
LBGM	['VogtmannE_2016', 'YuJ_2015', 'FengQ_2015', 'ZellerG_2014']	YachidaS_2019	subspecies	0.697953488372093	0.6259842519685039	0.7558139534883721	0.6724137931034482	0.7558139534883721	0.492	random_state	4
LBGM	['VogtmannE_2016', 'YuJ_2015', 'FengQ_2015', 'ZellerG_2014']	YachidaS_2019	subspecies	0.697953488372093	0.6259842519685039	0.7558139534883721	0.6724137931034482	0.7558139534883721	0.492	random_state	4
LBGM	['VogtmannE_2016', 'YuJ_2015', 'FengQ_2015', 'WirbelJ_2018']	YachidaS_2019	subspecies	0.714031007751938	0.655511811023622	0.7093023255813954	0.6765249537892791	0.7093023255813954	0.6	random_state	4
LBGM	['VogtmannE_2016', 'YuJ_2015', 'FengQ_2015', 'WirbelJ_2018']	YachidaS_2019	subspecies	0.714031007751938	0.655511811023622	0.7093023255813954	0.6765249537892791	0.7093023255813954	0.6	random_state	4
LBGM	['VogtmannE_2016', 'YuJ_2015', 'FengQ_2015', 'WirbelJ_2018']	YachidaS_2019	subspecies	0.714031007751938	0.655511811023622	0.7093023255813954	0.6765249537892791	0.7093023255813954	0.6	random_state	4
LBGM	['VogtmannE_2016', 'YuJ_2015', 'ZellerG_2014', 'WirbelJ_2018']	YachidaS_2019	subspecies	0.6834418604651162	0.6279527559055118	0.689922480620155	0.6532110091743119	0.689922480620155	0.564	random_state	4
LBGM	['VogtmannE_2016', 'YuJ_2015', 'ZellerG_2014', 'WirbelJ_2018']	YachidaS_2019	subspecies	0.6834418604651162	0.6279527559055118	0.689922480620155	0.6532110091743119	0.689922480620155	0.564	random_state	4
LBGM	['VogtmannE_2016', 'YuJ_2015', 'ZellerG_2014', 'WirbelJ_2018']	YachidaS_2019	subspecies	0.6834418604651162	0.6279527559055118	0.689922480620155	0.6532110091743119	0.689922480620155	0.564	random_state	4
LBGM	['VogtmannE_2016', 'FengQ_2015', 'ZellerG_2014', 'WirbelJ_2018']	YachidaS_2019	subspecies	0.6985736434108527	0.6614173228346457	0.7054263565891473	0.6791044776119404	0.7054263565891473	0.616	random_state	4
LBGM	['VogtmannE_2016', 'FengQ_2015', 'ZellerG_2014', 'WirbelJ_2018']	YachidaS_2019	subspecies	0.6985736434108527	0.6614173228346457	0.7054263565891473	0.6791044776119404	0.7054263565891473	0.616	random_state	4
LBGM	['VogtmannE_2016', 'FengQ_2015', 'ZellerG_2014', 'WirbelJ_2018']	YachidaS_2019	subspecies	0.6985736434108527	0.6614173228346457	0.7054263565891473	0.6791044776119404	0.7054263565891473	0.616	random_state	4
LBGM	['ThomasAM_2018a', 'YuJ_2015', 'FengQ_2015', 'ZellerG_2014']	YachidaS_2019	subspecies	0.7161705426356589	0.639763779527559	0.7248062015503876	0.6714542190305206	0.7248062015503876	0.552	random_state	4
LBGM	['ThomasAM_2018a', 'YuJ_2015', 'FengQ_2015', 'ZellerG_2014']	YachidaS_2019	subspecies	0.7161705426356589	0.639763779527559	0.7248062015503876	0.6714542190305206	0.7248062015503876	0.552	random_state	4
LBGM	['ThomasAM_2018a', 'YuJ_2015', 'FengQ_2015', 'ZellerG_2014']	YachidaS_2019	subspecies	0.7161705426356589	0.639763779527559	0.7248062015503876	0.6714542190305206	0.7248062015503876	0.552	random_state	4
LBGM	['ThomasAM_2018a', 'YuJ_2015', 'FengQ_2015', 'WirbelJ_2018']	YachidaS_2019	subspecies	0.7190387596899225	0.6515748031496063	0.6550387596899225	0.6563106796116505	0.6550387596899225	0.648	random_state	4
LBGM	['ThomasAM_2018a', 'YuJ_2015', 'FengQ_2015', 'WirbelJ_2018']	YachidaS_2019	subspecies	0.7190387596899225	0.6515748031496063	0.6550387596899225	0.6563106796116505	0.6550387596899225	0.648	random_state	4
LBGM	['ThomasAM_2018a', 'YuJ_2015', 'FengQ_2015', 'WirbelJ_2018']	YachidaS_2019	subspecies	0.7190387596899225	0.6515748031496063	0.6550387596899225	0.6563106796116505	0.6550387596899225	0.648	random_state	4
LBGM	['ThomasAM_2018a', 'YuJ_2015', 'ZellerG_2014', 'WirbelJ_2018']	YachidaS_2019	subspecies	0.6586511627906977	0.5984251968503937	0.7015503875968992	0.6395759717314488	0.7015503875968992	0.492	random_state	4
LBGM	['ThomasAM_2018a', 'YuJ_2015', 'ZellerG_2014', 'WirbelJ_2018']	YachidaS_2019	subspecies	0.6586511627906977	0.5984251968503937	0.7015503875968992	0.6395759717314488	0.7015503875968992	0.492	random_state	4
LBGM	['ThomasAM_2018a', 'YuJ_2015', 'ZellerG_2014', 'WirbelJ_2018']	YachidaS_2019	subspecies	0.6586511627906977	0.5984251968503937	0.7015503875968992	0.6395759717314488	0.7015503875968992	0.492	random_state	4
LBGM	['ThomasAM_2018a', 'FengQ_2015', 'ZellerG_2014', 'WirbelJ_2018']	YachidaS_2019	subspecies	0.6762325581395349	0.6181102362204725	0.6589147286821705	0.6367041198501872	0.6589147286821705	0.576	random_state	4
LBGM	['ThomasAM_2018a', 'FengQ_2015', 'ZellerG_2014', 'WirbelJ_2018']	YachidaS_2019	subspecies	0.6762325581395349	0.6181102362204725	0.6589147286821705	0.6367041198501872	0.6589147286821705	0.576	random_state	4
LBGM	['ThomasAM_2018a', 'FengQ_2015', 'ZellerG_2014', 'WirbelJ_2018']	YachidaS_2019	subspecies	0.6762325581395349	0.6181102362204725	0.6589147286821705	0.6367041198501872	0.6589147286821705	0.576	random_state	4
LBGM	['YuJ_2015', 'FengQ_2015', 'ZellerG_2014', 'WirbelJ_2018']	YachidaS_2019	subspecies	0.7009147286821706	0.6299212598425197	0.7248062015503876	0.6654804270462633	0.7248062015503876	0.532	random_state	4
LBGM	['YuJ_2015', 'FengQ_2015', 'ZellerG_2014', 'WirbelJ_2018']	YachidaS_2019	subspecies	0.7009147286821706	0.6299212598425197	0.7248062015503876	0.6654804270462633	0.7248062015503876	0.532	random_state	4
LBGM	['YuJ_2015', 'FengQ_2015', 'ZellerG_2014', 'WirbelJ_2018']	YachidaS_2019	subspecies	0.7009147286821706	0.6299212598425197	0.7248062015503876	0.6654804270462633	0.7248062015503876	0.532	random_state	4
LBGM	['VogtmannE_2016', 'ThomasAM_2018a', 'YuJ_2015', 'FengQ_2015', 'ZellerG_2014']	YachidaS_2019	subspecies	0.701720930232558	0.655511811023622	0.7170542635658915	0.6788990825688074	0.7170542635658915	0.592	random_state	5
LBGM	['VogtmannE_2016', 'ThomasAM_2018a', 'YuJ_2015', 'FengQ_2015', 'ZellerG_2014']	YachidaS_2019	subspecies	0.701720930232558	0.655511811023622	0.7170542635658915	0.6788990825688074	0.7170542635658915	0.592	random_state	5
LBGM	['VogtmannE_2016', 'ThomasAM_2018a', 'YuJ_2015', 'FengQ_2015', 'ZellerG_2014']	YachidaS_2019	subspecies	0.701720930232558	0.655511811023622	0.7170542635658915	0.6788990825688074	0.7170542635658915	0.592	random_state	5
LBGM	['VogtmannE_2016', 'ThomasAM_2018a', 'YuJ_2015', 'FengQ_2015', 'WirbelJ_2018']	YachidaS_2019	subspecies	0.7116744186046511	0.6476377952755905	0.686046511627907	0.6641651031894935	0.686046511627907	0.608	random_state	5
LBGM	['VogtmannE_2016', 'ThomasAM_2018a', 'YuJ_2015', 'FengQ_2015', 'WirbelJ_2018']	YachidaS_2019	subspecies	0.7116744186046511	0.6476377952755905	0.686046511627907	0.6641651031894935	0.686046511627907	0.608	random_state	5
LBGM	['VogtmannE_2016', 'ThomasAM_2018a', 'YuJ_2015', 'FengQ_2015', 'WirbelJ_2018']	YachidaS_2019	subspecies	0.7116744186046511	0.6476377952755905	0.686046511627907	0.6641651031894935	0.686046511627907	0.608	random_state	5
LBGM	['VogtmannE_2016', 'ThomasAM_2018a', 'YuJ_2015', 'ZellerG_2014', 'WirbelJ_2018']	YachidaS_2019	subspecies	0.6898449612403101	0.6535433070866141	0.6937984496124031	0.6704119850187266	0.6937984496124031	0.612	random_state	5
LBGM	['VogtmannE_2016', 'ThomasAM_2018a', 'YuJ_2015', 'ZellerG_2014', 'WirbelJ_2018']	YachidaS_2019	subspecies	0.6898449612403101	0.6535433070866141	0.6937984496124031	0.6704119850187266	0.6937984496124031	0.612	random_state	5
LBGM	['VogtmannE_2016', 'ThomasAM_2018a', 'YuJ_2015', 'ZellerG_2014', 'WirbelJ_2018']	YachidaS_2019	subspecies	0.6898449612403101	0.6535433070866141	0.6937984496124031	0.6704119850187266	0.6937984496124031	0.612	random_state	5
LBGM	['VogtmannE_2016', 'ThomasAM_2018a', 'FengQ_2015', 'ZellerG_2014', 'WirbelJ_2018']	YachidaS_2019	subspecies	0.7164651162790697	0.655511811023622	0.6511627906976745	0.6575342465753425	0.6511627906976745	0.66	random_state	5
LBGM	['VogtmannE_2016', 'ThomasAM_2018a', 'FengQ_2015', 'ZellerG_2014', 'WirbelJ_2018']	YachidaS_2019	subspecies	0.7164651162790697	0.655511811023622	0.6511627906976745	0.6575342465753425	0.6511627906976745	0.66	random_state	5
LBGM	['VogtmannE_2016', 'ThomasAM_2018a', 'FengQ_2015', 'ZellerG_2014', 'WirbelJ_2018']	YachidaS_2019	subspecies	0.7164651162790697	0.655511811023622	0.6511627906976745	0.6575342465753425	0.6511627906976745	0.66	random_state	5
LBGM	['VogtmannE_2016', 'YuJ_2015', 'FengQ_2015', 'ZellerG_2014', 'WirbelJ_2018']	YachidaS_2019	subspecies	0.7098449612403102	0.6692913385826772	0.7248062015503876	0.6900369003690037	0.7248062015503876	0.612	random_state	5
LBGM	['VogtmannE_2016', 'YuJ_2015', 'FengQ_2015', 'ZellerG_2014', 'WirbelJ_2018']	YachidaS_2019	subspecies	0.7098449612403102	0.6692913385826772	0.7248062015503876	0.6900369003690037	0.7248062015503876	0.612	random_state	5
LBGM	['VogtmannE_2016', 'YuJ_2015', 'FengQ_2015', 'ZellerG_2014', 'WirbelJ_2018']	YachidaS_2019	subspecies	0.7098449612403102	0.6692913385826772	0.7248062015503876	0.6900369003690037	0.7248062015503876	0.612	random_state	5
LBGM	['ThomasAM_2018a', 'YuJ_2015', 'FengQ_2015', 'ZellerG_2014', 'WirbelJ_2018']	YachidaS_2019	subspecies	0.7048992248062016	0.6456692913385826	0.6627906976744186	0.6551724137931033	0.6627906976744186	0.628	random_state	5
LBGM	['ThomasAM_2018a', 'YuJ_2015', 'FengQ_2015', 'ZellerG_2014', 'WirbelJ_2018']	YachidaS_2019	subspecies	0.7048992248062016	0.6456692913385826	0.6627906976744186	0.6551724137931033	0.6627906976744186	0.628	random_state	5
LBGM	['ThomasAM_2018a', 'YuJ_2015', 'FengQ_2015', 'ZellerG_2014', 'WirbelJ_2018']	YachidaS_2019	subspecies	0.7048992248062016	0.6456692913385826	0.6627906976744186	0.6551724137931033	0.6627906976744186	0.628	random_state	5
LBGM	['VogtmannE_2016', 'ThomasAM_2018a', 'YuJ_2015', 'FengQ_2015', 'ZellerG_2014', 'WirbelJ_2018']	YachidaS_2019	subspecies	0.7129457364341086	0.6751968503937008	0.7054263565891473	0.6880907372400755	0.7054263565891473	0.644	random_state	6
LBGM	['VogtmannE_2016', 'ThomasAM_2018a', 'YuJ_2015', 'FengQ_2015', 'ZellerG_2014', 'WirbelJ_2018']	YachidaS_2019	subspecies	0.7129457364341086	0.6751968503937008	0.7054263565891473	0.6880907372400755	0.7054263565891473	0.644	random_state	6
LBGM	['VogtmannE_2016', 'ThomasAM_2018a', 'YuJ_2015', 'FengQ_2015', 'ZellerG_2014', 'WirbelJ_2018']	YachidaS_2019	subspecies	0.7129457364341086	0.6751968503937008	0.7054263565891473	0.6880907372400755	0.7054263565891473	0.644	random_state	6
LBGM	['VogtmannE_2016']	ZellerG_2014	subspecies	0.7380142282709558	0.6929824561403509	0.5660377358490566	0.631578947368421	0.5660377358490566	0.8032786885245902	random_state	1
LBGM	['VogtmannE_2016']	ZellerG_2014	subspecies	0.7380142282709558	0.6929824561403509	0.5660377358490566	0.631578947368421	0.5660377358490566	0.8032786885245902	random_state	1
LBGM	['VogtmannE_2016']	ZellerG_2014	subspecies	0.7380142282709558	0.6929824561403509	0.5660377358490566	0.631578947368421	0.5660377358490566	0.8032786885245902	random_state	1
LBGM	['ThomasAM_2018a']	ZellerG_2014	subspecies	0.5641818744200434	0.47368421052631576	0.7735849056603774	0.5774647887323945	0.7735849056603774	0.21311475409836064	random_state	1
LBGM	['ThomasAM_2018a']	ZellerG_2014	subspecies	0.5641818744200434	0.47368421052631576	0.7735849056603774	0.5774647887323945	0.7735849056603774	0.21311475409836064	random_state	1
LBGM	['ThomasAM_2018a']	ZellerG_2014	subspecies	0.5641818744200434	0.47368421052631576	0.7735849056603774	0.5774647887323945	0.7735849056603774	0.21311475409836064	random_state	1
LBGM	['YuJ_2015']	ZellerG_2014	subspecies	0.8286421280544385	0.7456140350877193	0.7358490566037735	0.7289719626168224	0.7358490566037735	0.7540983606557377	random_state	1
LBGM	['YuJ_2015']	ZellerG_2014	subspecies	0.8286421280544385	0.7456140350877193	0.7358490566037735	0.7289719626168224	0.7358490566037735	0.7540983606557377	random_state	1
LBGM	['YuJ_2015']	ZellerG_2014	subspecies	0.8286421280544385	0.7456140350877193	0.7358490566037735	0.7289719626168224	0.7358490566037735	0.7540983606557377	random_state	1
LBGM	['FengQ_2015']	ZellerG_2014	subspecies	0.6322301268171977	0.5964912280701754	0.7358490566037735	0.6290322580645161	0.7358490566037735	0.47540983606557374	random_state	1
LBGM	['FengQ_2015']	ZellerG_2014	subspecies	0.6322301268171977	0.5964912280701754	0.7358490566037735	0.6290322580645161	0.7358490566037735	0.47540983606557374	random_state	1
LBGM	['FengQ_2015']	ZellerG_2014	subspecies	0.6322301268171977	0.5964912280701754	0.7358490566037735	0.6290322580645161	0.7358490566037735	0.47540983606557374	random_state	1
LBGM	['YachidaS_2019']	ZellerG_2014	subspecies	0.7831735230436128	0.6754385964912281	0.6415094339622641	0.6476190476190475	0.6415094339622641	0.7049180327868853	random_state	1
LBGM	['YachidaS_2019']	ZellerG_2014	subspecies	0.7831735230436128	0.6754385964912281	0.6415094339622641	0.6476190476190475	0.6415094339622641	0.7049180327868853	random_state	1
LBGM	['YachidaS_2019']	ZellerG_2014	subspecies	0.7831735230436128	0.6754385964912281	0.6415094339622641	0.6476190476190475	0.6415094339622641	0.7049180327868853	random_state	1
LBGM	['WirbelJ_2018']	ZellerG_2014	subspecies	0.814104546860501	0.7631578947368421	0.5471698113207547	0.6823529411764705	0.5471698113207547	0.9508196721311475	random_state	1
LBGM	['WirbelJ_2018']	ZellerG_2014	subspecies	0.814104546860501	0.7631578947368421	0.5471698113207547	0.6823529411764705	0.5471698113207547	0.9508196721311475	random_state	1
LBGM	['WirbelJ_2018']	ZellerG_2014	subspecies	0.814104546860501	0.7631578947368421	0.5471698113207547	0.6823529411764705	0.5471698113207547	0.9508196721311475	random_state	1
LBGM	['VogtmannE_2016', 'ThomasAM_2018a']	ZellerG_2014	subspecies	0.7179090627899783	0.6666666666666666	0.5849056603773585	0.62	0.5849056603773585	0.7377049180327869	random_state	2
LBGM	['VogtmannE_2016', 'ThomasAM_2018a']	ZellerG_2014	subspecies	0.7179090627899783	0.6666666666666666	0.5849056603773585	0.62	0.5849056603773585	0.7377049180327869	random_state	2
LBGM	['VogtmannE_2016', 'ThomasAM_2018a']	ZellerG_2014	subspecies	0.7179090627899783	0.6666666666666666	0.5849056603773585	0.62	0.5849056603773585	0.7377049180327869	random_state	2
LBGM	['VogtmannE_2016', 'YuJ_2015']	ZellerG_2014	subspecies	0.8246210949582431	0.7280701754385965	0.7735849056603774	0.7256637168141593	0.7735849056603774	0.6885245901639344	random_state	2
LBGM	['VogtmannE_2016', 'YuJ_2015']	ZellerG_2014	subspecies	0.8246210949582431	0.7280701754385965	0.7735849056603774	0.7256637168141593	0.7735849056603774	0.6885245901639344	random_state	2
LBGM	['VogtmannE_2016', 'YuJ_2015']	ZellerG_2014	subspecies	0.8246210949582431	0.7280701754385965	0.7735849056603774	0.7256637168141593	0.7735849056603774	0.6885245901639344	random_state	2
LBGM	['VogtmannE_2016', 'FengQ_2015']	ZellerG_2014	subspecies	0.7887411073306526	0.7017543859649122	0.7547169811320755	0.7017543859649122	0.7547169811320755	0.6557377049180327	random_state	2
LBGM	['VogtmannE_2016', 'FengQ_2015']	ZellerG_2014	subspecies	0.7887411073306526	0.7017543859649122	0.7547169811320755	0.7017543859649122	0.7547169811320755	0.6557377049180327	random_state	2
LBGM	['VogtmannE_2016', 'FengQ_2015']	ZellerG_2014	subspecies	0.7887411073306526	0.7017543859649122	0.7547169811320755	0.7017543859649122	0.7547169811320755	0.6557377049180327	random_state	2
LBGM	['VogtmannE_2016', 'YachidaS_2019']	ZellerG_2014	subspecies	0.7949273120940302	0.7368421052631579	0.7735849056603774	0.7321428571428573	0.7735849056603774	0.7049180327868853	random_state	2
LBGM	['VogtmannE_2016', 'YachidaS_2019']	ZellerG_2014	subspecies	0.7949273120940302	0.7368421052631579	0.7735849056603774	0.7321428571428573	0.7735849056603774	0.7049180327868853	random_state	2
LBGM	['VogtmannE_2016', 'YachidaS_2019']	ZellerG_2014	subspecies	0.7949273120940302	0.7368421052631579	0.7735849056603774	0.7321428571428573	0.7735849056603774	0.7049180327868853	random_state	2
LBGM	['VogtmannE_2016', 'WirbelJ_2018']	ZellerG_2014	subspecies	0.7803897309000928	0.6929824561403509	0.4716981132075472	0.588235294117647	0.4716981132075472	0.8852459016393442	random_state	2
LBGM	['VogtmannE_2016', 'WirbelJ_2018']	ZellerG_2014	subspecies	0.7803897309000928	0.6929824561403509	0.4716981132075472	0.588235294117647	0.4716981132075472	0.8852459016393442	random_state	2
LBGM	['VogtmannE_2016', 'WirbelJ_2018']	ZellerG_2014	subspecies	0.7803897309000928	0.6929824561403509	0.4716981132075472	0.588235294117647	0.4716981132075472	0.8852459016393442	random_state	2
LBGM	['ThomasAM_2018a', 'YuJ_2015']	ZellerG_2014	subspecies	0.7550262913702444	0.6491228070175439	0.7547169811320755	0.6666666666666666	0.7547169811320755	0.5573770491803278	random_state	2
LBGM	['ThomasAM_2018a', 'YuJ_2015']	ZellerG_2014	subspecies	0.7550262913702444	0.6491228070175439	0.7547169811320755	0.6666666666666666	0.7547169811320755	0.5573770491803278	random_state	2
LBGM	['ThomasAM_2018a', 'YuJ_2015']	ZellerG_2014	subspecies	0.7550262913702444	0.6491228070175439	0.7547169811320755	0.6666666666666666	0.7547169811320755	0.5573770491803278	random_state	2
LBGM	['ThomasAM_2018a', 'FengQ_2015']	ZellerG_2014	subspecies	0.634085988246211	0.543859649122807	0.7924528301886793	0.6176470588235294	0.7924528301886793	0.32786885245901637	random_state	2
LBGM	['ThomasAM_2018a', 'FengQ_2015']	ZellerG_2014	subspecies	0.634085988246211	0.543859649122807	0.7924528301886793	0.6176470588235294	0.7924528301886793	0.32786885245901637	random_state	2
LBGM	['ThomasAM_2018a', 'FengQ_2015']	ZellerG_2014	subspecies	0.634085988246211	0.543859649122807	0.7924528301886793	0.6176470588235294	0.7924528301886793	0.32786885245901637	random_state	2
LBGM	['ThomasAM_2018a', 'YachidaS_2019']	ZellerG_2014	subspecies	0.8243117847200742	0.7719298245614035	0.7924528301886793	0.7636363636363637	0.7924528301886793	0.7540983606557377	random_state	2
LBGM	['ThomasAM_2018a', 'YachidaS_2019']	ZellerG_2014	subspecies	0.8243117847200742	0.7719298245614035	0.7924528301886793	0.7636363636363637	0.7924528301886793	0.7540983606557377	random_state	2
LBGM	['ThomasAM_2018a', 'YachidaS_2019']	ZellerG_2014	subspecies	0.8243117847200742	0.7719298245614035	0.7924528301886793	0.7636363636363637	0.7924528301886793	0.7540983606557377	random_state	2
LBGM	['ThomasAM_2018a', 'WirbelJ_2018']	ZellerG_2014	subspecies	0.7553356016084133	0.7280701754385965	0.5471698113207547	0.651685393258427	0.5471698113207547	0.8852459016393442	random_state	2
LBGM	['ThomasAM_2018a', 'WirbelJ_2018']	ZellerG_2014	subspecies	0.7553356016084133	0.7280701754385965	0.5471698113207547	0.651685393258427	0.5471698113207547	0.8852459016393442	random_state	2
LBGM	['ThomasAM_2018a', 'WirbelJ_2018']	ZellerG_2014	subspecies	0.7553356016084133	0.7280701754385965	0.5471698113207547	0.651685393258427	0.5471698113207547	0.8852459016393442	random_state	2
LBGM	['YuJ_2015', 'FengQ_2015']	ZellerG_2014	subspecies	0.8199814413857099	0.7280701754385965	0.8301886792452831	0.7394957983193277	0.8301886792452831	0.639344262295082	random_state	2
LBGM	['YuJ_2015', 'FengQ_2015']	ZellerG_2014	subspecies	0.8199814413857099	0.7280701754385965	0.8301886792452831	0.7394957983193277	0.8301886792452831	0.639344262295082	random_state	2
LBGM	['YuJ_2015', 'FengQ_2015']	ZellerG_2014	subspecies	0.8199814413857099	0.7280701754385965	0.8301886792452831	0.7394957983193277	0.8301886792452831	0.639344262295082	random_state	2
LBGM	['YuJ_2015', 'YachidaS_2019']	ZellerG_2014	subspecies	0.8354469532941541	0.7807017543859649	0.7358490566037735	0.7572815533980584	0.7358490566037735	0.819672131147541	random_state	2
LBGM	['YuJ_2015', 'YachidaS_2019']	ZellerG_2014	subspecies	0.8354469532941541	0.7807017543859649	0.7358490566037735	0.7572815533980584	0.7358490566037735	0.819672131147541	random_state	2
LBGM	['YuJ_2015', 'YachidaS_2019']	ZellerG_2014	subspecies	0.8354469532941541	0.7807017543859649	0.7358490566037735	0.7572815533980584	0.7358490566037735	0.819672131147541	random_state	2
LBGM	['YuJ_2015', 'WirbelJ_2018']	ZellerG_2014	subspecies	0.798639034952057	0.7368421052631579	0.6981132075471698	0.7115384615384615	0.6981132075471698	0.7704918032786885	random_state	2
LBGM	['YuJ_2015', 'WirbelJ_2018']	ZellerG_2014	subspecies	0.798639034952057	0.7368421052631579	0.6981132075471698	0.7115384615384615	0.6981132075471698	0.7704918032786885	random_state	2
LBGM	['YuJ_2015', 'WirbelJ_2018']	ZellerG_2014	subspecies	0.798639034952057	0.7368421052631579	0.6981132075471698	0.7115384615384615	0.6981132075471698	0.7704918032786885	random_state	2
LBGM	['FengQ_2015', 'YachidaS_2019']	ZellerG_2014	subspecies	0.8385400556758428	0.7543859649122807	0.8490566037735849	0.7627118644067797	0.8490566037735849	0.6721311475409836	random_state	2
LBGM	['FengQ_2015', 'YachidaS_2019']	ZellerG_2014	subspecies	0.8385400556758428	0.7543859649122807	0.8490566037735849	0.7627118644067797	0.8490566037735849	0.6721311475409836	random_state	2
LBGM	['FengQ_2015', 'YachidaS_2019']	ZellerG_2014	subspecies	0.8385400556758428	0.7543859649122807	0.8490566037735849	0.7627118644067797	0.8490566037735849	0.6721311475409836	random_state	2
LBGM	['FengQ_2015', 'WirbelJ_2018']	ZellerG_2014	subspecies	0.7955459325703681	0.7368421052631579	0.660377358490566	0.7	0.660377358490566	0.8032786885245902	random_state	2
LBGM	['FengQ_2015', 'WirbelJ_2018']	ZellerG_2014	subspecies	0.7955459325703681	0.7368421052631579	0.660377358490566	0.7	0.660377358490566	0.8032786885245902	random_state	2
LBGM	['FengQ_2015', 'WirbelJ_2018']	ZellerG_2014	subspecies	0.7955459325703681	0.7368421052631579	0.660377358490566	0.7	0.660377358490566	0.8032786885245902	random_state	2
LBGM	['YachidaS_2019', 'WirbelJ_2018']	ZellerG_2014	subspecies	0.8227652335292298	0.7807017543859649	0.6981132075471698	0.7474747474747474	0.6981132075471698	0.8524590163934426	random_state	2
LBGM	['YachidaS_2019', 'WirbelJ_2018']	ZellerG_2014	subspecies	0.8227652335292298	0.7807017543859649	0.6981132075471698	0.7474747474747474	0.6981132075471698	0.8524590163934426	random_state	2
LBGM	['YachidaS_2019', 'WirbelJ_2018']	ZellerG_2014	subspecies	0.8227652335292298	0.7807017543859649	0.6981132075471698	0.7474747474747474	0.6981132075471698	0.8524590163934426	random_state	2
LBGM	['VogtmannE_2016', 'ThomasAM_2018a', 'YuJ_2015']	ZellerG_2014	subspecies	0.8363748840086607	0.7368421052631579	0.7735849056603774	0.7321428571428573	0.7735849056603774	0.7049180327868853	random_state	3
LBGM	['VogtmannE_2016', 'ThomasAM_2018a', 'YuJ_2015']	ZellerG_2014	subspecies	0.8363748840086607	0.7368421052631579	0.7735849056603774	0.7321428571428573	0.7735849056603774	0.7049180327868853	random_state	3
LBGM	['VogtmannE_2016', 'ThomasAM_2018a', 'YuJ_2015']	ZellerG_2014	subspecies	0.8363748840086607	0.7368421052631579	0.7735849056603774	0.7321428571428573	0.7735849056603774	0.7049180327868853	random_state	3
LBGM	['VogtmannE_2016', 'ThomasAM_2018a', 'FengQ_2015']	ZellerG_2014	subspecies	0.7550262913702444	0.6666666666666666	0.7547169811320755	0.6779661016949153	0.7547169811320755	0.5901639344262295	random_state	3
LBGM	['VogtmannE_2016', 'ThomasAM_2018a', 'FengQ_2015']	ZellerG_2014	subspecies	0.7550262913702444	0.6666666666666666	0.7547169811320755	0.6779661016949153	0.7547169811320755	0.5901639344262295	random_state	3
LBGM	['VogtmannE_2016', 'ThomasAM_2018a', 'FengQ_2015']	ZellerG_2014	subspecies	0.7550262913702444	0.6666666666666666	0.7547169811320755	0.6779661016949153	0.7547169811320755	0.5901639344262295	random_state	3
LBGM	['VogtmannE_2016', 'ThomasAM_2018a', 'YachidaS_2019']	ZellerG_2014	subspecies	0.8311166099597896	0.7631578947368421	0.7547169811320755	0.7476635514018692	0.7547169811320755	0.7704918032786885	random_state	3
LBGM	['VogtmannE_2016', 'ThomasAM_2018a', 'YachidaS_2019']	ZellerG_2014	subspecies	0.8311166099597896	0.7631578947368421	0.7547169811320755	0.7476635514018692	0.7547169811320755	0.7704918032786885	random_state	3
LBGM	['VogtmannE_2016', 'ThomasAM_2018a', 'YachidaS_2019']	ZellerG_2014	subspecies	0.8311166099597896	0.7631578947368421	0.7547169811320755	0.7476635514018692	0.7547169811320755	0.7704918032786885	random_state	3
LBGM	['VogtmannE_2016', 'ThomasAM_2018a', 'WirbelJ_2018']	ZellerG_2014	subspecies	0.7513145685122178	0.7017543859649122	0.6415094339622641	0.6666666666666666	0.6415094339622641	0.7540983606557377	random_state	3
LBGM	['VogtmannE_2016', 'ThomasAM_2018a', 'WirbelJ_2018']	ZellerG_2014	subspecies	0.7513145685122178	0.7017543859649122	0.6415094339622641	0.6666666666666666	0.6415094339622641	0.7540983606557377	random_state	3
LBGM	['VogtmannE_2016', 'ThomasAM_2018a', 'WirbelJ_2018']	ZellerG_2014	subspecies	0.7513145685122178	0.7017543859649122	0.6415094339622641	0.6666666666666666	0.6415094339622641	0.7540983606557377	random_state	3
LBGM	['VogtmannE_2016', 'YuJ_2015', 'FengQ_2015']	ZellerG_2014	subspecies	0.8373028147231674	0.7631578947368421	0.8490566037735849	0.7692307692307692	0.8490566037735849	0.6885245901639344	random_state	3
LBGM	['VogtmannE_2016', 'YuJ_2015', 'FengQ_2015']	ZellerG_2014	subspecies	0.8373028147231674	0.7631578947368421	0.8490566037735849	0.7692307692307692	0.8490566037735849	0.6885245901639344	random_state	3
LBGM	['VogtmannE_2016', 'YuJ_2015', 'FengQ_2015']	ZellerG_2014	subspecies	0.8373028147231674	0.7631578947368421	0.8490566037735849	0.7692307692307692	0.8490566037735849	0.6885245901639344	random_state	3
LBGM	['VogtmannE_2016', 'YuJ_2015', 'YachidaS_2019']	ZellerG_2014	subspecies	0.8199814413857098	0.7719298245614035	0.7358490566037735	0.7499999999999999	0.7358490566037735	0.8032786885245902	random_state	3
LBGM	['VogtmannE_2016', 'YuJ_2015', 'YachidaS_2019']	ZellerG_2014	subspecies	0.8199814413857098	0.7719298245614035	0.7358490566037735	0.7499999999999999	0.7358490566037735	0.8032786885245902	random_state	3
LBGM	['VogtmannE_2016', 'YuJ_2015', 'YachidaS_2019']	ZellerG_2014	subspecies	0.8199814413857098	0.7719298245614035	0.7358490566037735	0.7499999999999999	0.7358490566037735	0.8032786885245902	random_state	3
LBGM	['VogtmannE_2016', 'YuJ_2015', 'WirbelJ_2018']	ZellerG_2014	subspecies	0.8116300649551501	0.7368421052631579	0.7169811320754716	0.7169811320754716	0.7169811320754716	0.7540983606557377	random_state	3
LBGM	['VogtmannE_2016', 'YuJ_2015', 'WirbelJ_2018']	ZellerG_2014	subspecies	0.8116300649551501	0.7368421052631579	0.7169811320754716	0.7169811320754716	0.7169811320754716	0.7540983606557377	random_state	3
LBGM	['VogtmannE_2016', 'YuJ_2015', 'WirbelJ_2018']	ZellerG_2014	subspecies	0.8116300649551501	0.7368421052631579	0.7169811320754716	0.7169811320754716	0.7169811320754716	0.7540983606557377	random_state	3
LBGM	['VogtmannE_2016', 'FengQ_2015', 'YachidaS_2019']	ZellerG_2014	subspecies	0.8206000618620476	0.7192982456140351	0.7735849056603774	0.719298245614035	0.7735849056603774	0.6721311475409836	random_state	3
LBGM	['VogtmannE_2016', 'FengQ_2015', 'YachidaS_2019']	ZellerG_2014	subspecies	0.8206000618620476	0.7192982456140351	0.7735849056603774	0.719298245614035	0.7735849056603774	0.6721311475409836	random_state	3
LBGM	['VogtmannE_2016', 'FengQ_2015', 'YachidaS_2019']	ZellerG_2014	subspecies	0.8206000618620476	0.7192982456140351	0.7735849056603774	0.719298245614035	0.7735849056603774	0.6721311475409836	random_state	3
LBGM	['VogtmannE_2016', 'FengQ_2015', 'WirbelJ_2018']	ZellerG_2014	subspecies	0.8304979894834519	0.7456140350877193	0.7169811320754716	0.7238095238095238	0.7169811320754716	0.7704918032786885	random_state	3
LBGM	['VogtmannE_2016', 'FengQ_2015', 'WirbelJ_2018']	ZellerG_2014	subspecies	0.8304979894834519	0.7456140350877193	0.7169811320754716	0.7238095238095238	0.7169811320754716	0.7704918032786885	random_state	3
LBGM	['VogtmannE_2016', 'FengQ_2015', 'WirbelJ_2018']	ZellerG_2014	subspecies	0.8304979894834519	0.7456140350877193	0.7169811320754716	0.7238095238095238	0.7169811320754716	0.7704918032786885	random_state	3
LBGM	['VogtmannE_2016', 'YachidaS_2019', 'WirbelJ_2018']	ZellerG_2014	subspecies	0.8184348901948656	0.7631578947368421	0.6981132075471698	0.7326732673267327	0.6981132075471698	0.819672131147541	random_state	3
LBGM	['VogtmannE_2016', 'YachidaS_2019', 'WirbelJ_2018']	ZellerG_2014	subspecies	0.8184348901948656	0.7631578947368421	0.6981132075471698	0.7326732673267327	0.6981132075471698	0.819672131147541	random_state	3
LBGM	['VogtmannE_2016', 'YachidaS_2019', 'WirbelJ_2018']	ZellerG_2014	subspecies	0.8184348901948656	0.7631578947368421	0.6981132075471698	0.7326732673267327	0.6981132075471698	0.819672131147541	random_state	3
LBGM	['ThomasAM_2018a', 'YuJ_2015', 'FengQ_2015']	ZellerG_2014	subspecies	0.7875038663779772	0.7543859649122807	0.8301886792452831	0.7586206896551724	0.8301886792452831	0.6885245901639344	random_state	3
LBGM	['ThomasAM_2018a', 'YuJ_2015', 'FengQ_2015']	ZellerG_2014	subspecies	0.7875038663779772	0.7543859649122807	0.8301886792452831	0.7586206896551724	0.8301886792452831	0.6885245901639344	random_state	3
LBGM	['ThomasAM_2018a', 'YuJ_2015', 'FengQ_2015']	ZellerG_2014	subspecies	0.7875038663779772	0.7543859649122807	0.8301886792452831	0.7586206896551724	0.8301886792452831	0.6885245901639344	random_state	3
LBGM	['ThomasAM_2018a', 'YuJ_2015', 'YachidaS_2019']	ZellerG_2014	subspecies	0.8190535106712032	0.7543859649122807	0.7924528301886793	0.75	0.7924528301886793	0.7213114754098361	random_state	3
LBGM	['ThomasAM_2018a', 'YuJ_2015', 'YachidaS_2019']	ZellerG_2014	subspecies	0.8190535106712032	0.7543859649122807	0.7924528301886793	0.75	0.7924528301886793	0.7213114754098361	random_state	3
LBGM	['ThomasAM_2018a', 'YuJ_2015', 'YachidaS_2019']	ZellerG_2014	subspecies	0.8190535106712032	0.7543859649122807	0.7924528301886793	0.75	0.7924528301886793	0.7213114754098361	random_state	3
LBGM	['ThomasAM_2018a', 'YuJ_2015', 'WirbelJ_2018']	ZellerG_2014	subspecies	0.7831735230436128	0.7105263157894737	0.6981132075471698	0.6915887850467289	0.6981132075471698	0.7213114754098361	random_state	3
LBGM	['ThomasAM_2018a', 'YuJ_2015', 'WirbelJ_2018']	ZellerG_2014	subspecies	0.7831735230436128	0.7105263157894737	0.6981132075471698	0.6915887850467289	0.6981132075471698	0.7213114754098361	random_state	3
LBGM	['ThomasAM_2018a', 'YuJ_2015', 'WirbelJ_2018']	ZellerG_2014	subspecies	0.7831735230436128	0.7105263157894737	0.6981132075471698	0.6915887850467289	0.6981132075471698	0.7213114754098361	random_state	3
LBGM	['ThomasAM_2018a', 'FengQ_2015', 'YachidaS_2019']	ZellerG_2014	subspecies	0.8283328178162698	0.7456140350877193	0.8490566037735849	0.7563025210084033	0.8490566037735849	0.6557377049180327	random_state	3
LBGM	['ThomasAM_2018a', 'FengQ_2015', 'YachidaS_2019']	ZellerG_2014	subspecies	0.8283328178162698	0.7456140350877193	0.8490566037735849	0.7563025210084033	0.8490566037735849	0.6557377049180327	random_state	3
LBGM	['ThomasAM_2018a', 'FengQ_2015', 'YachidaS_2019']	ZellerG_2014	subspecies	0.8283328178162698	0.7456140350877193	0.8490566037735849	0.7563025210084033	0.8490566037735849	0.6557377049180327	random_state	3
LBGM	['ThomasAM_2018a', 'FengQ_2015', 'WirbelJ_2018']	ZellerG_2014	subspecies	0.8243117847200743	0.7719298245614035	0.7169811320754716	0.7450980392156863	0.7169811320754716	0.819672131147541	random_state	3
LBGM	['ThomasAM_2018a', 'FengQ_2015', 'WirbelJ_2018']	ZellerG_2014	subspecies	0.8243117847200743	0.7719298245614035	0.7169811320754716	0.7450980392156863	0.7169811320754716	0.819672131147541	random_state	3
LBGM	['ThomasAM_2018a', 'FengQ_2015', 'WirbelJ_2018']	ZellerG_2014	subspecies	0.8243117847200743	0.7719298245614035	0.7169811320754716	0.7450980392156863	0.7169811320754716	0.819672131147541	random_state	3
LBGM	['ThomasAM_2018a', 'YachidaS_2019', 'WirbelJ_2018']	ZellerG_2014	subspecies	0.8150324775750077	0.7631578947368421	0.7169811320754716	0.7378640776699028	0.7169811320754716	0.8032786885245902	random_state	3
LBGM	['ThomasAM_2018a', 'YachidaS_2019', 'WirbelJ_2018']	ZellerG_2014	subspecies	0.8150324775750077	0.7631578947368421	0.7169811320754716	0.7378640776699028	0.7169811320754716	0.8032786885245902	random_state	3
LBGM	['ThomasAM_2018a', 'YachidaS_2019', 'WirbelJ_2018']	ZellerG_2014	subspecies	0.8150324775750077	0.7631578947368421	0.7169811320754716	0.7378640776699028	0.7169811320754716	0.8032786885245902	random_state	3
LBGM	['YuJ_2015', 'FengQ_2015', 'YachidaS_2019']	ZellerG_2014	subspecies	0.8428703990102072	0.7543859649122807	0.7924528301886793	0.75	0.7924528301886793	0.7213114754098361	random_state	3
LBGM	['YuJ_2015', 'FengQ_2015', 'YachidaS_2019']	ZellerG_2014	subspecies	0.8428703990102072	0.7543859649122807	0.7924528301886793	0.75	0.7924528301886793	0.7213114754098361	random_state	3
LBGM	['YuJ_2015', 'FengQ_2015', 'YachidaS_2019']	ZellerG_2014	subspecies	0.8428703990102072	0.7543859649122807	0.7924528301886793	0.75	0.7924528301886793	0.7213114754098361	random_state	3
LBGM	['YuJ_2015', 'FengQ_2015', 'WirbelJ_2018']	ZellerG_2014	subspecies	0.7946180018558615	0.7105263157894737	0.6792452830188679	0.6857142857142857	0.6792452830188679	0.7377049180327869	random_state	3
LBGM	['YuJ_2015', 'FengQ_2015', 'WirbelJ_2018']	ZellerG_2014	subspecies	0.7946180018558615	0.7105263157894737	0.6792452830188679	0.6857142857142857	0.6792452830188679	0.7377049180327869	random_state	3
LBGM	['YuJ_2015', 'FengQ_2015', 'WirbelJ_2018']	ZellerG_2014	subspecies	0.7946180018558615	0.7105263157894737	0.6792452830188679	0.6857142857142857	0.6792452830188679	0.7377049180327869	random_state	3
LBGM	['YuJ_2015', 'YachidaS_2019', 'WirbelJ_2018']	ZellerG_2014	subspecies	0.8391586761521806	0.7631578947368421	0.660377358490566	0.7216494845360825	0.660377358490566	0.8524590163934426	random_state	3
LBGM	['YuJ_2015', 'YachidaS_2019', 'WirbelJ_2018']	ZellerG_2014	subspecies	0.8391586761521806	0.7631578947368421	0.660377358490566	0.7216494845360825	0.660377358490566	0.8524590163934426	random_state	3
LBGM	['YuJ_2015', 'YachidaS_2019', 'WirbelJ_2018']	ZellerG_2014	subspecies	0.8391586761521806	0.7631578947368421	0.660377358490566	0.7216494845360825	0.660377358490566	0.8524590163934426	random_state	3
LBGM	['FengQ_2015', 'YachidaS_2019', 'WirbelJ_2018']	ZellerG_2014	subspecies	0.8342097123414784	0.7894736842105263	0.7358490566037735	0.7647058823529412	0.7358490566037735	0.8360655737704918	random_state	3
LBGM	['FengQ_2015', 'YachidaS_2019', 'WirbelJ_2018']	ZellerG_2014	subspecies	0.8342097123414784	0.7894736842105263	0.7358490566037735	0.7647058823529412	0.7358490566037735	0.8360655737704918	random_state	3
LBGM	['FengQ_2015', 'YachidaS_2019', 'WirbelJ_2018']	ZellerG_2014	subspecies	0.8342097123414784	0.7894736842105263	0.7358490566037735	0.7647058823529412	0.7358490566037735	0.8360655737704918	random_state	3
LBGM	['VogtmannE_2016', 'ThomasAM_2018a', 'YuJ_2015', 'FengQ_2015']	ZellerG_2014	subspecies	0.8379214351995051	0.7017543859649122	0.7924528301886793	0.711864406779661	0.7924528301886793	0.6229508196721312	random_state	4
LBGM	['VogtmannE_2016', 'ThomasAM_2018a', 'YuJ_2015', 'FengQ_2015']	ZellerG_2014	subspecies	0.8379214351995051	0.7017543859649122	0.7924528301886793	0.711864406779661	0.7924528301886793	0.6229508196721312	random_state	4
LBGM	['VogtmannE_2016', 'ThomasAM_2018a', 'YuJ_2015', 'FengQ_2015']	ZellerG_2014	subspecies	0.8379214351995051	0.7017543859649122	0.7924528301886793	0.711864406779661	0.7924528301886793	0.6229508196721312	random_state	4
LBGM	['VogtmannE_2016', 'ThomasAM_2018a', 'YuJ_2015', 'YachidaS_2019']	ZellerG_2014	subspecies	0.8175069594803588	0.7368421052631579	0.7358490566037735	0.7222222222222221	0.7358490566037735	0.7377049180327869	random_state	4
LBGM	['VogtmannE_2016', 'ThomasAM_2018a', 'YuJ_2015', 'YachidaS_2019']	ZellerG_2014	subspecies	0.8175069594803588	0.7368421052631579	0.7358490566037735	0.7222222222222221	0.7358490566037735	0.7377049180327869	random_state	4
LBGM	['VogtmannE_2016', 'ThomasAM_2018a', 'YuJ_2015', 'YachidaS_2019']	ZellerG_2014	subspecies	0.8175069594803588	0.7368421052631579	0.7358490566037735	0.7222222222222221	0.7358490566037735	0.7377049180327869	random_state	4
LBGM	['VogtmannE_2016', 'ThomasAM_2018a', 'YuJ_2015', 'WirbelJ_2018']	ZellerG_2014	subspecies	0.8264769563872565	0.7456140350877193	0.7547169811320755	0.7339449541284405	0.7547169811320755	0.7377049180327869	random_state	4
LBGM	['VogtmannE_2016', 'ThomasAM_2018a', 'YuJ_2015', 'WirbelJ_2018']	ZellerG_2014	subspecies	0.8264769563872565	0.7456140350877193	0.7547169811320755	0.7339449541284405	0.7547169811320755	0.7377049180327869	random_state	4
LBGM	['VogtmannE_2016', 'ThomasAM_2018a', 'YuJ_2015', 'WirbelJ_2018']	ZellerG_2014	subspecies	0.8264769563872565	0.7456140350877193	0.7547169811320755	0.7339449541284405	0.7547169811320755	0.7377049180327869	random_state	4
LBGM	['VogtmannE_2016', 'ThomasAM_2018a', 'FengQ_2015', 'YachidaS_2019']	ZellerG_2014	subspecies	0.838230745437674	0.7105263157894737	0.7924528301886793	0.7179487179487181	0.7924528301886793	0.639344262295082	random_state	4
LBGM	['VogtmannE_2016', 'ThomasAM_2018a', 'FengQ_2015', 'YachidaS_2019']	ZellerG_2014	subspecies	0.838230745437674	0.7105263157894737	0.7924528301886793	0.7179487179487181	0.7924528301886793	0.639344262295082	random_state	4
LBGM	['VogtmannE_2016', 'ThomasAM_2018a', 'FengQ_2015', 'YachidaS_2019']	ZellerG_2014	subspecies	0.838230745437674	0.7105263157894737	0.7924528301886793	0.7179487179487181	0.7924528301886793	0.639344262295082	random_state	4
LBGM	['VogtmannE_2016', 'ThomasAM_2018a', 'FengQ_2015', 'WirbelJ_2018']	ZellerG_2014	subspecies	0.7970924837612124	0.7368421052631579	0.7169811320754716	0.7169811320754716	0.7169811320754716	0.7540983606557377	random_state	4
LBGM	['VogtmannE_2016', 'ThomasAM_2018a', 'FengQ_2015', 'WirbelJ_2018']	ZellerG_2014	subspecies	0.7970924837612124	0.7368421052631579	0.7169811320754716	0.7169811320754716	0.7169811320754716	0.7540983606557377	random_state	4
LBGM	['VogtmannE_2016', 'ThomasAM_2018a', 'FengQ_2015', 'WirbelJ_2018']	ZellerG_2014	subspecies	0.7970924837612124	0.7368421052631579	0.7169811320754716	0.7169811320754716	0.7169811320754716	0.7540983606557377	random_state	4
LBGM	['VogtmannE_2016', 'ThomasAM_2018a', 'YachidaS_2019', 'WirbelJ_2018']	ZellerG_2014	subspecies	0.8453448809155583	0.7807017543859649	0.7547169811320755	0.7619047619047619	0.7547169811320755	0.8032786885245902	random_state	4
LBGM	['VogtmannE_2016', 'ThomasAM_2018a', 'YachidaS_2019', 'WirbelJ_2018']	ZellerG_2014	subspecies	0.8453448809155583	0.7807017543859649	0.7547169811320755	0.7619047619047619	0.7547169811320755	0.8032786885245902	random_state	4
LBGM	['VogtmannE_2016', 'ThomasAM_2018a', 'YachidaS_2019', 'WirbelJ_2018']	ZellerG_2014	subspecies	0.8453448809155583	0.7807017543859649	0.7547169811320755	0.7619047619047619	0.7547169811320755	0.8032786885245902	random_state	4
LBGM	['VogtmannE_2016', 'YuJ_2015', 'FengQ_2015', 'YachidaS_2019']	ZellerG_2014	subspecies	0.856789359727807	0.7631578947368421	0.8113207547169812	0.7610619469026548	0.8113207547169812	0.7213114754098361	random_state	4
LBGM	['VogtmannE_2016', 'YuJ_2015', 'FengQ_2015', 'YachidaS_2019']	ZellerG_2014	subspecies	0.856789359727807	0.7631578947368421	0.8113207547169812	0.7610619469026548	0.8113207547169812	0.7213114754098361	random_state	4
LBGM	['VogtmannE_2016', 'YuJ_2015', 'FengQ_2015', 'YachidaS_2019']	ZellerG_2014	subspecies	0.856789359727807	0.7631578947368421	0.8113207547169812	0.7610619469026548	0.8113207547169812	0.7213114754098361	random_state	4
LBGM	['VogtmannE_2016', 'YuJ_2015', 'FengQ_2015', 'WirbelJ_2018']	ZellerG_2014	subspecies	0.838230745437674	0.7368421052631579	0.7358490566037735	0.7222222222222221	0.7358490566037735	0.7377049180327869	random_state	4
LBGM	['VogtmannE_2016', 'YuJ_2015', 'FengQ_2015', 'WirbelJ_2018']	ZellerG_2014	subspecies	0.838230745437674	0.7368421052631579	0.7358490566037735	0.7222222222222221	0.7358490566037735	0.7377049180327869	random_state	4
LBGM	['VogtmannE_2016', 'YuJ_2015', 'FengQ_2015', 'WirbelJ_2018']	ZellerG_2014	subspecies	0.838230745437674	0.7368421052631579	0.7358490566037735	0.7222222222222221	0.7358490566037735	0.7377049180327869	random_state	4
LBGM	['VogtmannE_2016', 'YuJ_2015', 'YachidaS_2019', 'WirbelJ_2018']	ZellerG_2014	subspecies	0.8308072997216208	0.7807017543859649	0.6792452830188679	0.7422680412371134	0.6792452830188679	0.8688524590163934	random_state	4
LBGM	['VogtmannE_2016', 'YuJ_2015', 'YachidaS_2019', 'WirbelJ_2018']	ZellerG_2014	subspecies	0.8308072997216208	0.7807017543859649	0.6792452830188679	0.7422680412371134	0.6792452830188679	0.8688524590163934	random_state	4
LBGM	['VogtmannE_2016', 'YuJ_2015', 'YachidaS_2019', 'WirbelJ_2018']	ZellerG_2014	subspecies	0.8308072997216208	0.7807017543859649	0.6792452830188679	0.7422680412371134	0.6792452830188679	0.8688524590163934	random_state	4
LBGM	['VogtmannE_2016', 'FengQ_2015', 'YachidaS_2019', 'WirbelJ_2018']	ZellerG_2014	subspecies	0.8472007423445715	0.7982456140350878	0.7735849056603774	0.780952380952381	0.7735849056603774	0.819672131147541	random_state	4
LBGM	['VogtmannE_2016', 'FengQ_2015', 'YachidaS_2019', 'WirbelJ_2018']	ZellerG_2014	subspecies	0.8472007423445715	0.7982456140350878	0.7735849056603774	0.780952380952381	0.7735849056603774	0.819672131147541	random_state	4
LBGM	['VogtmannE_2016', 'FengQ_2015', 'YachidaS_2019', 'WirbelJ_2018']	ZellerG_2014	subspecies	0.8472007423445715	0.7982456140350878	0.7735849056603774	0.780952380952381	0.7735849056603774	0.819672131147541	random_state	4
LBGM	['ThomasAM_2018a', 'YuJ_2015', 'FengQ_2015', 'YachidaS_2019']	ZellerG_2014	subspecies	0.8193628209093722	0.7017543859649122	0.8113207547169812	0.7166666666666667	0.8113207547169812	0.6065573770491803	random_state	4
LBGM	['ThomasAM_2018a', 'YuJ_2015', 'FengQ_2015', 'YachidaS_2019']	ZellerG_2014	subspecies	0.8193628209093722	0.7017543859649122	0.8113207547169812	0.7166666666666667	0.8113207547169812	0.6065573770491803	random_state	4
LBGM	['ThomasAM_2018a', 'YuJ_2015', 'FengQ_2015', 'YachidaS_2019']	ZellerG_2014	subspecies	0.8193628209093722	0.7017543859649122	0.8113207547169812	0.7166666666666667	0.8113207547169812	0.6065573770491803	random_state	4
LBGM	['ThomasAM_2018a', 'YuJ_2015', 'FengQ_2015', 'WirbelJ_2018']	ZellerG_2014	subspecies	0.8125579956696567	0.7543859649122807	0.7735849056603774	0.7454545454545455	0.7735849056603774	0.7377049180327869	random_state	4
LBGM	['ThomasAM_2018a', 'YuJ_2015', 'FengQ_2015', 'WirbelJ_2018']	ZellerG_2014	subspecies	0.8125579956696567	0.7543859649122807	0.7735849056603774	0.7454545454545455	0.7735849056603774	0.7377049180327869	random_state	4
LBGM	['ThomasAM_2018a', 'YuJ_2015', 'FengQ_2015', 'WirbelJ_2018']	ZellerG_2014	subspecies	0.8125579956696567	0.7543859649122807	0.7735849056603774	0.7454545454545455	0.7735849056603774	0.7377049180327869	random_state	4
LBGM	['ThomasAM_2018a', 'YuJ_2015', 'YachidaS_2019', 'WirbelJ_2018']	ZellerG_2014	subspecies	0.8478193628209094	0.7543859649122807	0.6792452830188679	0.72	0.6792452830188679	0.819672131147541	random_state	4
LBGM	['ThomasAM_2018a', 'YuJ_2015', 'YachidaS_2019', 'WirbelJ_2018']	ZellerG_2014	subspecies	0.8478193628209094	0.7543859649122807	0.6792452830188679	0.72	0.6792452830188679	0.819672131147541	random_state	4
LBGM	['ThomasAM_2018a', 'YuJ_2015', 'YachidaS_2019', 'WirbelJ_2018']	ZellerG_2014	subspecies	0.8478193628209094	0.7543859649122807	0.6792452830188679	0.72	0.6792452830188679	0.819672131147541	random_state	4
LBGM	['ThomasAM_2018a', 'FengQ_2015', 'YachidaS_2019', 'WirbelJ_2018']	ZellerG_2014	subspecies	0.8478193628209094	0.7631578947368421	0.7547169811320755	0.7476635514018692	0.7547169811320755	0.7704918032786885	random_state	4
LBGM	['ThomasAM_2018a', 'FengQ_2015', 'YachidaS_2019', 'WirbelJ_2018']	ZellerG_2014	subspecies	0.8478193628209094	0.7631578947368421	0.7547169811320755	0.7476635514018692	0.7547169811320755	0.7704918032786885	random_state	4
LBGM	['ThomasAM_2018a', 'FengQ_2015', 'YachidaS_2019', 'WirbelJ_2018']	ZellerG_2014	subspecies	0.8478193628209094	0.7631578947368421	0.7547169811320755	0.7476635514018692	0.7547169811320755	0.7704918032786885	random_state	4
LBGM	['YuJ_2015', 'FengQ_2015', 'YachidaS_2019', 'WirbelJ_2018']	ZellerG_2014	subspecies	0.8673059078255491	0.8157894736842105	0.7735849056603774	0.796116504854369	0.7735849056603774	0.8524590163934426	random_state	4
LBGM	['YuJ_2015', 'FengQ_2015', 'YachidaS_2019', 'WirbelJ_2018']	ZellerG_2014	subspecies	0.8673059078255491	0.8157894736842105	0.7735849056603774	0.796116504854369	0.7735849056603774	0.8524590163934426	random_state	4
LBGM	['YuJ_2015', 'FengQ_2015', 'YachidaS_2019', 'WirbelJ_2018']	ZellerG_2014	subspecies	0.8673059078255491	0.8157894736842105	0.7735849056603774	0.796116504854369	0.7735849056603774	0.8524590163934426	random_state	4
LBGM	['VogtmannE_2016', 'ThomasAM_2018a', 'YuJ_2015', 'FengQ_2015', 'YachidaS_2019']	ZellerG_2014	subspecies	0.8342097123414786	0.7631578947368421	0.7735849056603774	0.7522935779816513	0.7735849056603774	0.7540983606557377	random_state	5
LBGM	['VogtmannE_2016', 'ThomasAM_2018a', 'YuJ_2015', 'FengQ_2015', 'YachidaS_2019']	ZellerG_2014	subspecies	0.8342097123414786	0.7631578947368421	0.7735849056603774	0.7522935779816513	0.7735849056603774	0.7540983606557377	random_state	5
LBGM	['VogtmannE_2016', 'ThomasAM_2018a', 'YuJ_2015', 'FengQ_2015', 'YachidaS_2019']	ZellerG_2014	subspecies	0.8342097123414786	0.7631578947368421	0.7735849056603774	0.7522935779816513	0.7735849056603774	0.7540983606557377	random_state	5
LBGM	['VogtmannE_2016', 'ThomasAM_2018a', 'YuJ_2015', 'FengQ_2015', 'WirbelJ_2018']	ZellerG_2014	subspecies	0.8199814413857098	0.7280701754385965	0.7924528301886793	0.7304347826086955	0.7924528301886793	0.6721311475409836	random_state	5
LBGM	['VogtmannE_2016', 'ThomasAM_2018a', 'YuJ_2015', 'FengQ_2015', 'WirbelJ_2018']	ZellerG_2014	subspecies	0.8199814413857098	0.7280701754385965	0.7924528301886793	0.7304347826086955	0.7924528301886793	0.6721311475409836	random_state	5
LBGM	['VogtmannE_2016', 'ThomasAM_2018a', 'YuJ_2015', 'FengQ_2015', 'WirbelJ_2018']	ZellerG_2014	subspecies	0.8199814413857098	0.7280701754385965	0.7924528301886793	0.7304347826086955	0.7924528301886793	0.6721311475409836	random_state	5
LBGM	['VogtmannE_2016', 'ThomasAM_2018a', 'YuJ_2015', 'YachidaS_2019', 'WirbelJ_2018']	ZellerG_2014	subspecies	0.8311166099597898	0.7894736842105263	0.7169811320754716	0.76	0.7169811320754716	0.8524590163934426	random_state	5
LBGM	['VogtmannE_2016', 'ThomasAM_2018a', 'YuJ_2015', 'YachidaS_2019', 'WirbelJ_2018']	ZellerG_2014	subspecies	0.8311166099597898	0.7894736842105263	0.7169811320754716	0.76	0.7169811320754716	0.8524590163934426	random_state	5
LBGM	['VogtmannE_2016', 'ThomasAM_2018a', 'YuJ_2015', 'YachidaS_2019', 'WirbelJ_2018']	ZellerG_2014	subspecies	0.8311166099597898	0.7894736842105263	0.7169811320754716	0.76	0.7169811320754716	0.8524590163934426	random_state	5
LBGM	['VogtmannE_2016', 'ThomasAM_2018a', 'FengQ_2015', 'YachidaS_2019', 'WirbelJ_2018']	ZellerG_2014	subspecies	0.838230745437674	0.7719298245614035	0.7735849056603774	0.7592592592592593	0.7735849056603774	0.7704918032786885	random_state	5
LBGM	['VogtmannE_2016', 'ThomasAM_2018a', 'FengQ_2015', 'YachidaS_2019', 'WirbelJ_2018']	ZellerG_2014	subspecies	0.838230745437674	0.7719298245614035	0.7735849056603774	0.7592592592592593	0.7735849056603774	0.7704918032786885	random_state	5
LBGM	['VogtmannE_2016', 'ThomasAM_2018a', 'FengQ_2015', 'YachidaS_2019', 'WirbelJ_2018']	ZellerG_2014	subspecies	0.838230745437674	0.7719298245614035	0.7735849056603774	0.7592592592592593	0.7735849056603774	0.7704918032786885	random_state	5
LBGM	['VogtmannE_2016', 'YuJ_2015', 'FengQ_2015', 'YachidaS_2019', 'WirbelJ_2018']	ZellerG_2014	subspecies	0.8335910918651408	0.7894736842105263	0.7735849056603774	0.7735849056603775	0.7735849056603774	0.8032786885245902	random_state	5
LBGM	['VogtmannE_2016', 'YuJ_2015', 'FengQ_2015', 'YachidaS_2019', 'WirbelJ_2018']	ZellerG_2014	subspecies	0.8335910918651408	0.7894736842105263	0.7735849056603774	0.7735849056603775	0.7735849056603774	0.8032786885245902	random_state	5
LBGM	['VogtmannE_2016', 'YuJ_2015', 'FengQ_2015', 'YachidaS_2019', 'WirbelJ_2018']	ZellerG_2014	subspecies	0.8335910918651408	0.7894736842105263	0.7735849056603774	0.7735849056603775	0.7735849056603774	0.8032786885245902	random_state	5
LBGM	['ThomasAM_2018a', 'YuJ_2015', 'FengQ_2015', 'YachidaS_2019', 'WirbelJ_2018']	ZellerG_2014	subspecies	0.859573151871327	0.7807017543859649	0.7924528301886793	0.7706422018348623	0.7924528301886793	0.7704918032786885	random_state	5
LBGM	['ThomasAM_2018a', 'YuJ_2015', 'FengQ_2015', 'YachidaS_2019', 'WirbelJ_2018']	ZellerG_2014	subspecies	0.859573151871327	0.7807017543859649	0.7924528301886793	0.7706422018348623	0.7924528301886793	0.7704918032786885	random_state	5
LBGM	['ThomasAM_2018a', 'YuJ_2015', 'FengQ_2015', 'YachidaS_2019', 'WirbelJ_2018']	ZellerG_2014	subspecies	0.859573151871327	0.7807017543859649	0.7924528301886793	0.7706422018348623	0.7924528301886793	0.7704918032786885	random_state	5
LBGM	['VogtmannE_2016', 'ThomasAM_2018a', 'YuJ_2015', 'FengQ_2015', 'YachidaS_2019', 'WirbelJ_2018']	ZellerG_2014	subspecies	0.846272811630065	0.7631578947368421	0.7547169811320755	0.7476635514018692	0.7547169811320755	0.7704918032786885	random_state	6
LBGM	['VogtmannE_2016', 'ThomasAM_2018a', 'YuJ_2015', 'FengQ_2015', 'YachidaS_2019', 'WirbelJ_2018']	ZellerG_2014	subspecies	0.846272811630065	0.7631578947368421	0.7547169811320755	0.7476635514018692	0.7547169811320755	0.7704918032786885	random_state	6
LBGM	['VogtmannE_2016', 'ThomasAM_2018a', 'YuJ_2015', 'FengQ_2015', 'YachidaS_2019', 'WirbelJ_2018']	ZellerG_2014	subspecies	0.846272811630065	0.7631578947368421	0.7547169811320755	0.7476635514018692	0.7547169811320755	0.7704918032786885	random_state	6
LBGM	['VogtmannE_2016']	WirbelJ_2018	subspecies	0.5778120184899845	0.6172839506172839	0.5454545454545454	0.43636363636363634	0.5454545454545454	0.6440677966101694	random_state	1
LBGM	['VogtmannE_2016']	WirbelJ_2018	subspecies	0.5778120184899845	0.6172839506172839	0.5454545454545454	0.43636363636363634	0.5454545454545454	0.6440677966101694	random_state	1
LBGM	['VogtmannE_2016']	WirbelJ_2018	subspecies	0.5778120184899845	0.6172839506172839	0.5454545454545454	0.43636363636363634	0.5454545454545454	0.6440677966101694	random_state	1
LBGM	['ThomasAM_2018a']	WirbelJ_2018	subspecies	0.5724191063174114	0.5555555555555556	0.5	0.37931034482758624	0.5	0.576271186440678	random_state	1
LBGM	['ThomasAM_2018a']	WirbelJ_2018	subspecies	0.5724191063174114	0.5555555555555556	0.5	0.37931034482758624	0.5	0.576271186440678	random_state	1
LBGM	['ThomasAM_2018a']	WirbelJ_2018	subspecies	0.5724191063174114	0.5555555555555556	0.5	0.37931034482758624	0.5	0.576271186440678	random_state	1
LBGM	['YuJ_2015']	WirbelJ_2018	subspecies	0.9029275808936825	0.7654320987654321	0.8181818181818182	0.6545454545454545	0.8181818181818182	0.7457627118644068	random_state	1
LBGM	['YuJ_2015']	WirbelJ_2018	subspecies	0.9029275808936825	0.7654320987654321	0.8181818181818182	0.6545454545454545	0.8181818181818182	0.7457627118644068	random_state	1
LBGM	['YuJ_2015']	WirbelJ_2018	subspecies	0.9029275808936825	0.7654320987654321	0.8181818181818182	0.6545454545454545	0.8181818181818182	0.7457627118644068	random_state	1
LBGM	['FengQ_2015']	WirbelJ_2018	subspecies	0.46147919876733434	0.3950617283950617	0.6818181818181818	0.3797468354430379	0.6818181818181818	0.288135593220339	random_state	1
LBGM	['FengQ_2015']	WirbelJ_2018	subspecies	0.46147919876733434	0.3950617283950617	0.6818181818181818	0.3797468354430379	0.6818181818181818	0.288135593220339	random_state	1
LBGM	['FengQ_2015']	WirbelJ_2018	subspecies	0.46147919876733434	0.3950617283950617	0.6818181818181818	0.3797468354430379	0.6818181818181818	0.288135593220339	random_state	1
LBGM	['YachidaS_2019']	WirbelJ_2018	subspecies	0.7765793528505393	0.7901234567901234	0.45454545454545453	0.5405405405405405	0.45454545454545453	0.9152542372881356	random_state	1
LBGM	['YachidaS_2019']	WirbelJ_2018	subspecies	0.7765793528505393	0.7901234567901234	0.45454545454545453	0.5405405405405405	0.45454545454545453	0.9152542372881356	random_state	1
LBGM	['YachidaS_2019']	WirbelJ_2018	subspecies	0.7765793528505393	0.7901234567901234	0.45454545454545453	0.5405405405405405	0.45454545454545453	0.9152542372881356	random_state	1
LBGM	['ZellerG_2014']	WirbelJ_2018	subspecies	0.8020030816640986	0.6049382716049383	0.9090909090909091	0.5555555555555556	0.9090909090909091	0.4915254237288136	random_state	1
LBGM	['ZellerG_2014']	WirbelJ_2018	subspecies	0.8020030816640986	0.6049382716049383	0.9090909090909091	0.5555555555555556	0.9090909090909091	0.4915254237288136	random_state	1
LBGM	['ZellerG_2014']	WirbelJ_2018	subspecies	0.8020030816640986	0.6049382716049383	0.9090909090909091	0.5555555555555556	0.9090909090909091	0.4915254237288136	random_state	1
LBGM	['VogtmannE_2016', 'ThomasAM_2018a']	WirbelJ_2018	subspecies	0.6332819722650231	0.691358024691358	0.36363636363636365	0.3902439024390244	0.36363636363636365	0.8135593220338984	random_state	2
LBGM	['VogtmannE_2016', 'ThomasAM_2018a']	WirbelJ_2018	subspecies	0.6332819722650231	0.691358024691358	0.36363636363636365	0.3902439024390244	0.36363636363636365	0.8135593220338984	random_state	2
LBGM	['VogtmannE_2016', 'ThomasAM_2018a']	WirbelJ_2018	subspecies	0.6332819722650231	0.691358024691358	0.36363636363636365	0.3902439024390244	0.36363636363636365	0.8135593220338984	random_state	2
LBGM	['VogtmannE_2016', 'YuJ_2015']	WirbelJ_2018	subspecies	0.8343605546995376	0.8024691358024691	0.5909090909090909	0.6190476190476191	0.5909090909090909	0.8813559322033898	random_state	2
LBGM	['VogtmannE_2016', 'YuJ_2015']	WirbelJ_2018	subspecies	0.8343605546995376	0.8024691358024691	0.5909090909090909	0.6190476190476191	0.5909090909090909	0.8813559322033898	random_state	2
LBGM	['VogtmannE_2016', 'YuJ_2015']	WirbelJ_2018	subspecies	0.8343605546995376	0.8024691358024691	0.5909090909090909	0.6190476190476191	0.5909090909090909	0.8813559322033898	random_state	2
LBGM	['VogtmannE_2016', 'FengQ_2015']	WirbelJ_2018	subspecies	0.728813559322034	0.691358024691358	0.5454545454545454	0.4897959183673469	0.5454545454545454	0.7457627118644068	random_state	2
LBGM	['VogtmannE_2016', 'FengQ_2015']	WirbelJ_2018	subspecies	0.728813559322034	0.691358024691358	0.5454545454545454	0.4897959183673469	0.5454545454545454	0.7457627118644068	random_state	2
LBGM	['VogtmannE_2016', 'FengQ_2015']	WirbelJ_2018	subspecies	0.728813559322034	0.691358024691358	0.5454545454545454	0.4897959183673469	0.5454545454545454	0.7457627118644068	random_state	2
LBGM	['VogtmannE_2016', 'YachidaS_2019']	WirbelJ_2018	subspecies	0.8066255778120185	0.8148148148148148	0.4090909090909091	0.5454545454545455	0.4090909090909091	0.9661016949152542	random_state	2
LBGM	['VogtmannE_2016', 'YachidaS_2019']	WirbelJ_2018	subspecies	0.8066255778120185	0.8148148148148148	0.4090909090909091	0.5454545454545455	0.4090909090909091	0.9661016949152542	random_state	2
LBGM	['VogtmannE_2016', 'YachidaS_2019']	WirbelJ_2018	subspecies	0.8066255778120185	0.8148148148148148	0.4090909090909091	0.5454545454545455	0.4090909090909091	0.9661016949152542	random_state	2
LBGM	['VogtmannE_2016', 'ZellerG_2014']	WirbelJ_2018	subspecies	0.7804314329738058	0.7407407407407407	0.7272727272727273	0.6037735849056604	0.7272727272727273	0.7457627118644068	random_state	2
LBGM	['VogtmannE_2016', 'ZellerG_2014']	WirbelJ_2018	subspecies	0.7804314329738058	0.7407407407407407	0.7272727272727273	0.6037735849056604	0.7272727272727273	0.7457627118644068	random_state	2
LBGM	['VogtmannE_2016', 'ZellerG_2014']	WirbelJ_2018	subspecies	0.7804314329738058	0.7407407407407407	0.7272727272727273	0.6037735849056604	0.7272727272727273	0.7457627118644068	random_state	2
LBGM	['ThomasAM_2018a', 'YuJ_2015']	WirbelJ_2018	subspecies	0.8952234206471495	0.8641975308641975	0.7727272727272727	0.7555555555555555	0.7727272727272727	0.8983050847457628	random_state	2
LBGM	['ThomasAM_2018a', 'YuJ_2015']	WirbelJ_2018	subspecies	0.8952234206471495	0.8641975308641975	0.7727272727272727	0.7555555555555555	0.7727272727272727	0.8983050847457628	random_state	2
LBGM	['ThomasAM_2018a', 'YuJ_2015']	WirbelJ_2018	subspecies	0.8952234206471495	0.8641975308641975	0.7727272727272727	0.7555555555555555	0.7727272727272727	0.8983050847457628	random_state	2
LBGM	['ThomasAM_2018a', 'FengQ_2015']	WirbelJ_2018	subspecies	0.7041602465331278	0.5802469135802469	0.7727272727272727	0.4999999999999999	0.7727272727272727	0.5084745762711864	random_state	2
LBGM	['ThomasAM_2018a', 'FengQ_2015']	WirbelJ_2018	subspecies	0.7041602465331278	0.5802469135802469	0.7727272727272727	0.4999999999999999	0.7727272727272727	0.5084745762711864	random_state	2
LBGM	['ThomasAM_2018a', 'FengQ_2015']	WirbelJ_2018	subspecies	0.7041602465331278	0.5802469135802469	0.7727272727272727	0.4999999999999999	0.7727272727272727	0.5084745762711864	random_state	2
LBGM	['ThomasAM_2018a', 'YachidaS_2019']	WirbelJ_2018	subspecies	0.812788906009245	0.8148148148148148	0.5909090909090909	0.6341463414634148	0.5909090909090909	0.8983050847457628	random_state	2
LBGM	['ThomasAM_2018a', 'YachidaS_2019']	WirbelJ_2018	subspecies	0.812788906009245	0.8148148148148148	0.5909090909090909	0.6341463414634148	0.5909090909090909	0.8983050847457628	random_state	2
LBGM	['ThomasAM_2018a', 'YachidaS_2019']	WirbelJ_2018	subspecies	0.812788906009245	0.8148148148148148	0.5909090909090909	0.6341463414634148	0.5909090909090909	0.8983050847457628	random_state	2
LBGM	['ThomasAM_2018a', 'ZellerG_2014']	WirbelJ_2018	subspecies	0.8682588597842835	0.8271604938271605	0.7727272727272727	0.7083333333333333	0.7727272727272727	0.847457627118644	random_state	2
LBGM	['ThomasAM_2018a', 'ZellerG_2014']	WirbelJ_2018	subspecies	0.8682588597842835	0.8271604938271605	0.7727272727272727	0.7083333333333333	0.7727272727272727	0.847457627118644	random_state	2
LBGM	['ThomasAM_2018a', 'ZellerG_2014']	WirbelJ_2018	subspecies	0.8682588597842835	0.8271604938271605	0.7727272727272727	0.7083333333333333	0.7727272727272727	0.847457627118644	random_state	2
LBGM	['YuJ_2015', 'FengQ_2015']	WirbelJ_2018	subspecies	0.8828967642526965	0.7654320987654321	0.7272727272727273	0.6274509803921569	0.7272727272727273	0.7796610169491526	random_state	2
LBGM	['YuJ_2015', 'FengQ_2015']	WirbelJ_2018	subspecies	0.8828967642526965	0.7654320987654321	0.7272727272727273	0.6274509803921569	0.7272727272727273	0.7796610169491526	random_state	2
LBGM	['YuJ_2015', 'FengQ_2015']	WirbelJ_2018	subspecies	0.8828967642526965	0.7654320987654321	0.7272727272727273	0.6274509803921569	0.7272727272727273	0.7796610169491526	random_state	2
LBGM	['YuJ_2015', 'YachidaS_2019']	WirbelJ_2018	subspecies	0.8605546995377504	0.8395061728395061	0.5454545454545454	0.6486486486486486	0.5454545454545454	0.9491525423728814	random_state	2
LBGM	['YuJ_2015', 'YachidaS_2019']	WirbelJ_2018	subspecies	0.8605546995377504	0.8395061728395061	0.5454545454545454	0.6486486486486486	0.5454545454545454	0.9491525423728814	random_state	2
LBGM	['YuJ_2015', 'YachidaS_2019']	WirbelJ_2018	subspecies	0.8605546995377504	0.8395061728395061	0.5454545454545454	0.6486486486486486	0.5454545454545454	0.9491525423728814	random_state	2
LBGM	['YuJ_2015', 'ZellerG_2014']	WirbelJ_2018	subspecies	0.8828967642526964	0.8024691358024691	0.8181818181818182	0.6923076923076923	0.8181818181818182	0.7966101694915254	random_state	2
LBGM	['YuJ_2015', 'ZellerG_2014']	WirbelJ_2018	subspecies	0.8828967642526964	0.8024691358024691	0.8181818181818182	0.6923076923076923	0.8181818181818182	0.7966101694915254	random_state	2
LBGM	['YuJ_2015', 'ZellerG_2014']	WirbelJ_2018	subspecies	0.8828967642526964	0.8024691358024691	0.8181818181818182	0.6923076923076923	0.8181818181818182	0.7966101694915254	random_state	2
LBGM	['FengQ_2015', 'YachidaS_2019']	WirbelJ_2018	subspecies	0.8343605546995377	0.7777777777777778	0.5909090909090909	0.5909090909090909	0.5909090909090909	0.847457627118644	random_state	2
LBGM	['FengQ_2015', 'YachidaS_2019']	WirbelJ_2018	subspecies	0.8343605546995377	0.7777777777777778	0.5909090909090909	0.5909090909090909	0.5909090909090909	0.847457627118644	random_state	2
LBGM	['FengQ_2015', 'YachidaS_2019']	WirbelJ_2018	subspecies	0.8343605546995377	0.7777777777777778	0.5909090909090909	0.5909090909090909	0.5909090909090909	0.847457627118644	random_state	2
LBGM	['FengQ_2015', 'ZellerG_2014']	WirbelJ_2018	subspecies	0.8536209553158706	0.6790123456790124	0.9090909090909091	0.6060606060606061	0.9090909090909091	0.5932203389830508	random_state	2
LBGM	['FengQ_2015', 'ZellerG_2014']	WirbelJ_2018	subspecies	0.8536209553158706	0.6790123456790124	0.9090909090909091	0.6060606060606061	0.9090909090909091	0.5932203389830508	random_state	2
LBGM	['FengQ_2015', 'ZellerG_2014']	WirbelJ_2018	subspecies	0.8536209553158706	0.6790123456790124	0.9090909090909091	0.6060606060606061	0.9090909090909091	0.5932203389830508	random_state	2
LBGM	['YachidaS_2019', 'ZellerG_2014']	WirbelJ_2018	subspecies	0.8528505392912172	0.8395061728395061	0.5909090909090909	0.6666666666666667	0.5909090909090909	0.9322033898305084	random_state	2
LBGM	['YachidaS_2019', 'ZellerG_2014']	WirbelJ_2018	subspecies	0.8528505392912172	0.8395061728395061	0.5909090909090909	0.6666666666666667	0.5909090909090909	0.9322033898305084	random_state	2
LBGM	['YachidaS_2019', 'ZellerG_2014']	WirbelJ_2018	subspecies	0.8528505392912172	0.8395061728395061	0.5909090909090909	0.6666666666666667	0.5909090909090909	0.9322033898305084	random_state	2
LBGM	['VogtmannE_2016', 'ThomasAM_2018a', 'YuJ_2015']	WirbelJ_2018	subspecies	0.8420647149460708	0.8395061728395061	0.6818181818181818	0.6976744186046512	0.6818181818181818	0.8983050847457628	random_state	3
LBGM	['VogtmannE_2016', 'ThomasAM_2018a', 'YuJ_2015']	WirbelJ_2018	subspecies	0.8420647149460708	0.8395061728395061	0.6818181818181818	0.6976744186046512	0.6818181818181818	0.8983050847457628	random_state	3
LBGM	['VogtmannE_2016', 'ThomasAM_2018a', 'YuJ_2015']	WirbelJ_2018	subspecies	0.8420647149460708	0.8395061728395061	0.6818181818181818	0.6976744186046512	0.6818181818181818	0.8983050847457628	random_state	3
LBGM	['VogtmannE_2016', 'ThomasAM_2018a', 'FengQ_2015']	WirbelJ_2018	subspecies	0.736517719568567	0.6790123456790124	0.45454545454545453	0.43478260869565216	0.45454545454545453	0.7627118644067796	random_state	3
LBGM	['VogtmannE_2016', 'ThomasAM_2018a', 'FengQ_2015']	WirbelJ_2018	subspecies	0.736517719568567	0.6790123456790124	0.45454545454545453	0.43478260869565216	0.45454545454545453	0.7627118644067796	random_state	3
LBGM	['VogtmannE_2016', 'ThomasAM_2018a', 'FengQ_2015']	WirbelJ_2018	subspecies	0.736517719568567	0.6790123456790124	0.45454545454545453	0.43478260869565216	0.45454545454545453	0.7627118644067796	random_state	3
LBGM	['VogtmannE_2016', 'ThomasAM_2018a', 'YachidaS_2019']	WirbelJ_2018	subspecies	0.7865947611710323	0.7530864197530864	0.45454545454545453	0.5	0.45454545454545453	0.864406779661017	random_state	3
LBGM	['VogtmannE_2016', 'ThomasAM_2018a', 'YachidaS_2019']	WirbelJ_2018	subspecies	0.7865947611710323	0.7530864197530864	0.45454545454545453	0.5	0.45454545454545453	0.864406779661017	random_state	3
LBGM	['VogtmannE_2016', 'ThomasAM_2018a', 'YachidaS_2019']	WirbelJ_2018	subspecies	0.7865947611710323	0.7530864197530864	0.45454545454545453	0.5	0.45454545454545453	0.864406779661017	random_state	3
LBGM	['VogtmannE_2016', 'ThomasAM_2018a', 'ZellerG_2014']	WirbelJ_2018	subspecies	0.8058551617873652	0.7901234567901234	0.6818181818181818	0.6382978723404256	0.6818181818181818	0.8305084745762712	random_state	3
LBGM	['VogtmannE_2016', 'ThomasAM_2018a', 'ZellerG_2014']	WirbelJ_2018	subspecies	0.8058551617873652	0.7901234567901234	0.6818181818181818	0.6382978723404256	0.6818181818181818	0.8305084745762712	random_state	3
LBGM	['VogtmannE_2016', 'ThomasAM_2018a', 'ZellerG_2014']	WirbelJ_2018	subspecies	0.8058551617873652	0.7901234567901234	0.6818181818181818	0.6382978723404256	0.6818181818181818	0.8305084745762712	random_state	3
LBGM	['VogtmannE_2016', 'YuJ_2015', 'FengQ_2015']	WirbelJ_2018	subspecies	0.8597842835130971	0.7654320987654321	0.7272727272727273	0.6274509803921569	0.7272727272727273	0.7796610169491526	random_state	3
LBGM	['VogtmannE_2016', 'YuJ_2015', 'FengQ_2015']	WirbelJ_2018	subspecies	0.8597842835130971	0.7654320987654321	0.7272727272727273	0.6274509803921569	0.7272727272727273	0.7796610169491526	random_state	3
LBGM	['VogtmannE_2016', 'YuJ_2015', 'FengQ_2015']	WirbelJ_2018	subspecies	0.8597842835130971	0.7654320987654321	0.7272727272727273	0.6274509803921569	0.7272727272727273	0.7796610169491526	random_state	3
LBGM	['VogtmannE_2016', 'YuJ_2015', 'YachidaS_2019']	WirbelJ_2018	subspecies	0.7896764252696455	0.7777777777777778	0.45454545454545453	0.5263157894736842	0.45454545454545453	0.8983050847457628	random_state	3
LBGM	['VogtmannE_2016', 'YuJ_2015', 'YachidaS_2019']	WirbelJ_2018	subspecies	0.7896764252696455	0.7777777777777778	0.45454545454545453	0.5263157894736842	0.45454545454545453	0.8983050847457628	random_state	3
LBGM	['VogtmannE_2016', 'YuJ_2015', 'YachidaS_2019']	WirbelJ_2018	subspecies	0.7896764252696455	0.7777777777777778	0.45454545454545453	0.5263157894736842	0.45454545454545453	0.8983050847457628	random_state	3
LBGM	['VogtmannE_2016', 'YuJ_2015', 'ZellerG_2014']	WirbelJ_2018	subspecies	0.8929121725731894	0.8271604938271605	0.7272727272727273	0.6956521739130435	0.7272727272727273	0.864406779661017	random_state	3
LBGM	['VogtmannE_2016', 'YuJ_2015', 'ZellerG_2014']	WirbelJ_2018	subspecies	0.8929121725731894	0.8271604938271605	0.7272727272727273	0.6956521739130435	0.7272727272727273	0.864406779661017	random_state	3
LBGM	['VogtmannE_2016', 'YuJ_2015', 'ZellerG_2014']	WirbelJ_2018	subspecies	0.8929121725731894	0.8271604938271605	0.7272727272727273	0.6956521739130435	0.7272727272727273	0.864406779661017	random_state	3
LBGM	['VogtmannE_2016', 'FengQ_2015', 'YachidaS_2019']	WirbelJ_2018	subspecies	0.7912172573189522	0.7901234567901234	0.5	0.5641025641025642	0.5	0.8983050847457628	random_state	3
LBGM	['VogtmannE_2016', 'FengQ_2015', 'YachidaS_2019']	WirbelJ_2018	subspecies	0.7912172573189522	0.7901234567901234	0.5	0.5641025641025642	0.5	0.8983050847457628	random_state	3
LBGM	['VogtmannE_2016', 'FengQ_2015', 'YachidaS_2019']	WirbelJ_2018	subspecies	0.7912172573189522	0.7901234567901234	0.5	0.5641025641025642	0.5	0.8983050847457628	random_state	3
LBGM	['VogtmannE_2016', 'FengQ_2015', 'ZellerG_2014']	WirbelJ_2018	subspecies	0.7958397534668721	0.691358024691358	0.7272727272727273	0.5614035087719298	0.7272727272727273	0.6779661016949152	random_state	3
LBGM	['VogtmannE_2016', 'FengQ_2015', 'ZellerG_2014']	WirbelJ_2018	subspecies	0.7958397534668721	0.691358024691358	0.7272727272727273	0.5614035087719298	0.7272727272727273	0.6779661016949152	random_state	3
LBGM	['VogtmannE_2016', 'FengQ_2015', 'ZellerG_2014']	WirbelJ_2018	subspecies	0.7958397534668721	0.691358024691358	0.7272727272727273	0.5614035087719298	0.7272727272727273	0.6779661016949152	random_state	3
LBGM	['VogtmannE_2016', 'YachidaS_2019', 'ZellerG_2014']	WirbelJ_2018	subspecies	0.8335901386748844	0.8024691358024691	0.5	0.5789473684210527	0.5	0.9152542372881356	random_state	3
LBGM	['VogtmannE_2016', 'YachidaS_2019', 'ZellerG_2014']	WirbelJ_2018	subspecies	0.8335901386748844	0.8024691358024691	0.5	0.5789473684210527	0.5	0.9152542372881356	random_state	3
LBGM	['VogtmannE_2016', 'YachidaS_2019', 'ZellerG_2014']	WirbelJ_2018	subspecies	0.8335901386748844	0.8024691358024691	0.5	0.5789473684210527	0.5	0.9152542372881356	random_state	3
LBGM	['ThomasAM_2018a', 'YuJ_2015', 'FengQ_2015']	WirbelJ_2018	subspecies	0.8844375963020031	0.8148148148148148	0.7727272727272727	0.6938775510204083	0.7727272727272727	0.8305084745762712	random_state	3
LBGM	['ThomasAM_2018a', 'YuJ_2015', 'FengQ_2015']	WirbelJ_2018	subspecies	0.8844375963020031	0.8148148148148148	0.7727272727272727	0.6938775510204083	0.7727272727272727	0.8305084745762712	random_state	3
LBGM	['ThomasAM_2018a', 'YuJ_2015', 'FengQ_2015']	WirbelJ_2018	subspecies	0.8844375963020031	0.8148148148148148	0.7727272727272727	0.6938775510204083	0.7727272727272727	0.8305084745762712	random_state	3
LBGM	['ThomasAM_2018a', 'YuJ_2015', 'YachidaS_2019']	WirbelJ_2018	subspecies	0.8551617873651772	0.8518518518518519	0.5454545454545454	0.6666666666666665	0.5454545454545454	0.9661016949152542	random_state	3
LBGM	['ThomasAM_2018a', 'YuJ_2015', 'YachidaS_2019']	WirbelJ_2018	subspecies	0.8551617873651772	0.8518518518518519	0.5454545454545454	0.6666666666666665	0.5454545454545454	0.9661016949152542	random_state	3
LBGM	['ThomasAM_2018a', 'YuJ_2015', 'YachidaS_2019']	WirbelJ_2018	subspecies	0.8551617873651772	0.8518518518518519	0.5454545454545454	0.6666666666666665	0.5454545454545454	0.9661016949152542	random_state	3
LBGM	['ThomasAM_2018a', 'YuJ_2015', 'ZellerG_2014']	WirbelJ_2018	subspecies	0.8805855161787365	0.8395061728395061	0.6818181818181818	0.6976744186046512	0.6818181818181818	0.8983050847457628	random_state	3
LBGM	['ThomasAM_2018a', 'YuJ_2015', 'ZellerG_2014']	WirbelJ_2018	subspecies	0.8805855161787365	0.8395061728395061	0.6818181818181818	0.6976744186046512	0.6818181818181818	0.8983050847457628	random_state	3
LBGM	['ThomasAM_2018a', 'YuJ_2015', 'ZellerG_2014']	WirbelJ_2018	subspecies	0.8805855161787365	0.8395061728395061	0.6818181818181818	0.6976744186046512	0.6818181818181818	0.8983050847457628	random_state	3
LBGM	['ThomasAM_2018a', 'FengQ_2015', 'YachidaS_2019']	WirbelJ_2018	subspecies	0.8174114021571649	0.7901234567901234	0.5909090909090909	0.6046511627906977	0.5909090909090909	0.864406779661017	random_state	3
LBGM	['ThomasAM_2018a', 'FengQ_2015', 'YachidaS_2019']	WirbelJ_2018	subspecies	0.8174114021571649	0.7901234567901234	0.5909090909090909	0.6046511627906977	0.5909090909090909	0.864406779661017	random_state	3
LBGM	['ThomasAM_2018a', 'FengQ_2015', 'YachidaS_2019']	WirbelJ_2018	subspecies	0.8174114021571649	0.7901234567901234	0.5909090909090909	0.6046511627906977	0.5909090909090909	0.864406779661017	random_state	3
LBGM	['ThomasAM_2018a', 'FengQ_2015', 'ZellerG_2014']	WirbelJ_2018	subspecies	0.8466872110939907	0.7654320987654321	0.7272727272727273	0.6274509803921569	0.7272727272727273	0.7796610169491526	random_state	3
LBGM	['ThomasAM_2018a', 'FengQ_2015', 'ZellerG_2014']	WirbelJ_2018	subspecies	0.8466872110939907	0.7654320987654321	0.7272727272727273	0.6274509803921569	0.7272727272727273	0.7796610169491526	random_state	3
LBGM	['ThomasAM_2018a', 'FengQ_2015', 'ZellerG_2014']	WirbelJ_2018	subspecies	0.8466872110939907	0.7654320987654321	0.7272727272727273	0.6274509803921569	0.7272727272727273	0.7796610169491526	random_state	3
LBGM	['ThomasAM_2018a', 'YachidaS_2019', 'ZellerG_2014']	WirbelJ_2018	subspecies	0.8366718027734976	0.8518518518518519	0.5909090909090909	0.6842105263157896	0.5909090909090909	0.9491525423728814	random_state	3
LBGM	['ThomasAM_2018a', 'YachidaS_2019', 'ZellerG_2014']	WirbelJ_2018	subspecies	0.8366718027734976	0.8518518518518519	0.5909090909090909	0.6842105263157896	0.5909090909090909	0.9491525423728814	random_state	3
LBGM	['ThomasAM_2018a', 'YachidaS_2019', 'ZellerG_2014']	WirbelJ_2018	subspecies	0.8366718027734976	0.8518518518518519	0.5909090909090909	0.6842105263157896	0.5909090909090909	0.9491525423728814	random_state	3
LBGM	['YuJ_2015', 'FengQ_2015', 'YachidaS_2019']	WirbelJ_2018	subspecies	0.8382126348228043	0.8148148148148148	0.6363636363636364	0.6511627906976744	0.6363636363636364	0.8813559322033898	random_state	3
LBGM	['YuJ_2015', 'FengQ_2015', 'YachidaS_2019']	WirbelJ_2018	subspecies	0.8382126348228043	0.8148148148148148	0.6363636363636364	0.6511627906976744	0.6363636363636364	0.8813559322033898	random_state	3
LBGM	['YuJ_2015', 'FengQ_2015', 'YachidaS_2019']	WirbelJ_2018	subspecies	0.8382126348228043	0.8148148148148148	0.6363636363636364	0.6511627906976744	0.6363636363636364	0.8813559322033898	random_state	3
LBGM	['YuJ_2015', 'FengQ_2015', 'ZellerG_2014']	WirbelJ_2018	subspecies	0.8813559322033898	0.7777777777777778	0.8181818181818182	0.6666666666666666	0.8181818181818182	0.7627118644067796	random_state	3
LBGM	['YuJ_2015', 'FengQ_2015', 'ZellerG_2014']	WirbelJ_2018	subspecies	0.8813559322033898	0.7777777777777778	0.8181818181818182	0.6666666666666666	0.8181818181818182	0.7627118644067796	random_state	3
LBGM	['YuJ_2015', 'FengQ_2015', 'ZellerG_2014']	WirbelJ_2018	subspecies	0.8813559322033898	0.7777777777777778	0.8181818181818182	0.6666666666666666	0.8181818181818182	0.7627118644067796	random_state	3
LBGM	['YuJ_2015', 'YachidaS_2019', 'ZellerG_2014']	WirbelJ_2018	subspecies	0.8805855161787365	0.8641975308641975	0.6818181818181818	0.7317073170731707	0.6818181818181818	0.9322033898305084	random_state	3
LBGM	['YuJ_2015', 'YachidaS_2019', 'ZellerG_2014']	WirbelJ_2018	subspecies	0.8805855161787365	0.8641975308641975	0.6818181818181818	0.7317073170731707	0.6818181818181818	0.9322033898305084	random_state	3
LBGM	['YuJ_2015', 'YachidaS_2019', 'ZellerG_2014']	WirbelJ_2018	subspecies	0.8805855161787365	0.8641975308641975	0.6818181818181818	0.7317073170731707	0.6818181818181818	0.9322033898305084	random_state	3
LBGM	['FengQ_2015', 'YachidaS_2019', 'ZellerG_2014']	WirbelJ_2018	subspecies	0.8574730354391371	0.7530864197530864	0.6818181818181818	0.6	0.6818181818181818	0.7796610169491526	random_state	3
LBGM	['FengQ_2015', 'YachidaS_2019', 'ZellerG_2014']	WirbelJ_2018	subspecies	0.8574730354391371	0.7530864197530864	0.6818181818181818	0.6	0.6818181818181818	0.7796610169491526	random_state	3
LBGM	['FengQ_2015', 'YachidaS_2019', 'ZellerG_2014']	WirbelJ_2018	subspecies	0.8574730354391371	0.7530864197530864	0.6818181818181818	0.6	0.6818181818181818	0.7796610169491526	random_state	3
LBGM	['VogtmannE_2016', 'ThomasAM_2018a', 'YuJ_2015', 'FengQ_2015']	WirbelJ_2018	subspecies	0.8613251155624038	0.8148148148148148	0.7727272727272727	0.6938775510204083	0.7727272727272727	0.8305084745762712	random_state	4
LBGM	['VogtmannE_2016', 'ThomasAM_2018a', 'YuJ_2015', 'FengQ_2015']	WirbelJ_2018	subspecies	0.8613251155624038	0.8148148148148148	0.7727272727272727	0.6938775510204083	0.7727272727272727	0.8305084745762712	random_state	4
LBGM	['VogtmannE_2016', 'ThomasAM_2018a', 'YuJ_2015', 'FengQ_2015']	WirbelJ_2018	subspecies	0.8613251155624038	0.8148148148148148	0.7727272727272727	0.6938775510204083	0.7727272727272727	0.8305084745762712	random_state	4
LBGM	['VogtmannE_2016', 'ThomasAM_2018a', 'YuJ_2015', 'YachidaS_2019']	WirbelJ_2018	subspecies	0.8058551617873653	0.7901234567901234	0.5454545454545454	0.5853658536585366	0.5454545454545454	0.8813559322033898	random_state	4
LBGM	['VogtmannE_2016', 'ThomasAM_2018a', 'YuJ_2015', 'YachidaS_2019']	WirbelJ_2018	subspecies	0.8058551617873653	0.7901234567901234	0.5454545454545454	0.5853658536585366	0.5454545454545454	0.8813559322033898	random_state	4
LBGM	['VogtmannE_2016', 'ThomasAM_2018a', 'YuJ_2015', 'YachidaS_2019']	WirbelJ_2018	subspecies	0.8058551617873653	0.7901234567901234	0.5454545454545454	0.5853658536585366	0.5454545454545454	0.8813559322033898	random_state	4
LBGM	['VogtmannE_2016', 'ThomasAM_2018a', 'YuJ_2015', 'ZellerG_2014']	WirbelJ_2018	subspecies	0.8466872110939908	0.8024691358024691	0.6818181818181818	0.6521739130434783	0.6818181818181818	0.847457627118644	random_state	4
LBGM	['VogtmannE_2016', 'ThomasAM_2018a', 'YuJ_2015', 'ZellerG_2014']	WirbelJ_2018	subspecies	0.8466872110939908	0.8024691358024691	0.6818181818181818	0.6521739130434783	0.6818181818181818	0.847457627118644	random_state	4
LBGM	['VogtmannE_2016', 'ThomasAM_2018a', 'YuJ_2015', 'ZellerG_2014']	WirbelJ_2018	subspecies	0.8466872110939908	0.8024691358024691	0.6818181818181818	0.6521739130434783	0.6818181818181818	0.847457627118644	random_state	4
LBGM	['VogtmannE_2016', 'ThomasAM_2018a', 'FengQ_2015', 'YachidaS_2019']	WirbelJ_2018	subspecies	0.8112480739599384	0.8271604938271605	0.5909090909090909	0.65	0.5909090909090909	0.9152542372881356	random_state	4
LBGM	['VogtmannE_2016', 'ThomasAM_2018a', 'FengQ_2015', 'YachidaS_2019']	WirbelJ_2018	subspecies	0.8112480739599384	0.8271604938271605	0.5909090909090909	0.65	0.5909090909090909	0.9152542372881356	random_state	4
LBGM	['VogtmannE_2016', 'ThomasAM_2018a', 'FengQ_2015', 'YachidaS_2019']	WirbelJ_2018	subspecies	0.8112480739599384	0.8271604938271605	0.5909090909090909	0.65	0.5909090909090909	0.9152542372881356	random_state	4
LBGM	['VogtmannE_2016', 'ThomasAM_2018a', 'FengQ_2015', 'ZellerG_2014']	WirbelJ_2018	subspecies	0.8035439137134053	0.7654320987654321	0.7272727272727273	0.6274509803921569	0.7272727272727273	0.7796610169491526	random_state	4
LBGM	['VogtmannE_2016', 'ThomasAM_2018a', 'FengQ_2015', 'ZellerG_2014']	WirbelJ_2018	subspecies	0.8035439137134053	0.7654320987654321	0.7272727272727273	0.6274509803921569	0.7272727272727273	0.7796610169491526	random_state	4
LBGM	['VogtmannE_2016', 'ThomasAM_2018a', 'FengQ_2015', 'ZellerG_2014']	WirbelJ_2018	subspecies	0.8035439137134053	0.7654320987654321	0.7272727272727273	0.6274509803921569	0.7272727272727273	0.7796610169491526	random_state	4
LBGM	['VogtmannE_2016', 'ThomasAM_2018a', 'YachidaS_2019', 'ZellerG_2014']	WirbelJ_2018	subspecies	0.8004622496147921	0.8271604938271605	0.5909090909090909	0.65	0.5909090909090909	0.9152542372881356	random_state	4
LBGM	['VogtmannE_2016', 'ThomasAM_2018a', 'YachidaS_2019', 'ZellerG_2014']	WirbelJ_2018	subspecies	0.8004622496147921	0.8271604938271605	0.5909090909090909	0.65	0.5909090909090909	0.9152542372881356	random_state	4
LBGM	['VogtmannE_2016', 'ThomasAM_2018a', 'YachidaS_2019', 'ZellerG_2014']	WirbelJ_2018	subspecies	0.8004622496147921	0.8271604938271605	0.5909090909090909	0.65	0.5909090909090909	0.9152542372881356	random_state	4
LBGM	['VogtmannE_2016', 'YuJ_2015', 'FengQ_2015', 'YachidaS_2019']	WirbelJ_2018	subspecies	0.8212634822804314	0.7901234567901234	0.5454545454545454	0.5853658536585366	0.5454545454545454	0.8813559322033898	random_state	4
LBGM	['VogtmannE_2016', 'YuJ_2015', 'FengQ_2015', 'YachidaS_2019']	WirbelJ_2018	subspecies	0.8212634822804314	0.7901234567901234	0.5454545454545454	0.5853658536585366	0.5454545454545454	0.8813559322033898	random_state	4
LBGM	['VogtmannE_2016', 'YuJ_2015', 'FengQ_2015', 'YachidaS_2019']	WirbelJ_2018	subspecies	0.8212634822804314	0.7901234567901234	0.5454545454545454	0.5853658536585366	0.5454545454545454	0.8813559322033898	random_state	4
LBGM	['VogtmannE_2016', 'YuJ_2015', 'FengQ_2015', 'ZellerG_2014']	WirbelJ_2018	subspecies	0.8489984591679507	0.7160493827160493	0.6818181818181818	0.5660377358490567	0.6818181818181818	0.7288135593220338	random_state	4
LBGM	['VogtmannE_2016', 'YuJ_2015', 'FengQ_2015', 'ZellerG_2014']	WirbelJ_2018	subspecies	0.8489984591679507	0.7160493827160493	0.6818181818181818	0.5660377358490567	0.6818181818181818	0.7288135593220338	random_state	4
LBGM	['VogtmannE_2016', 'YuJ_2015', 'FengQ_2015', 'ZellerG_2014']	WirbelJ_2018	subspecies	0.8489984591679507	0.7160493827160493	0.6818181818181818	0.5660377358490567	0.6818181818181818	0.7288135593220338	random_state	4
LBGM	['VogtmannE_2016', 'YuJ_2015', 'YachidaS_2019', 'ZellerG_2014']	WirbelJ_2018	subspecies	0.8436055469953775	0.8148148148148148	0.5454545454545454	0.6153846153846153	0.5454545454545454	0.9152542372881356	random_state	4
LBGM	['VogtmannE_2016', 'YuJ_2015', 'YachidaS_2019', 'ZellerG_2014']	WirbelJ_2018	subspecies	0.8436055469953775	0.8148148148148148	0.5454545454545454	0.6153846153846153	0.5454545454545454	0.9152542372881356	random_state	4
LBGM	['VogtmannE_2016', 'YuJ_2015', 'YachidaS_2019', 'ZellerG_2014']	WirbelJ_2018	subspecies	0.8436055469953775	0.8148148148148148	0.5454545454545454	0.6153846153846153	0.5454545454545454	0.9152542372881356	random_state	4
LBGM	['VogtmannE_2016', 'FengQ_2015', 'YachidaS_2019', 'ZellerG_2014']	WirbelJ_2018	subspecies	0.8489984591679507	0.8518518518518519	0.6363636363636364	0.7000000000000001	0.6363636363636364	0.9322033898305084	random_state	4
LBGM	['VogtmannE_2016', 'FengQ_2015', 'YachidaS_2019', 'ZellerG_2014']	WirbelJ_2018	subspecies	0.8489984591679507	0.8518518518518519	0.6363636363636364	0.7000000000000001	0.6363636363636364	0.9322033898305084	random_state	4
LBGM	['VogtmannE_2016', 'FengQ_2015', 'YachidaS_2019', 'ZellerG_2014']	WirbelJ_2018	subspecies	0.8489984591679507	0.8518518518518519	0.6363636363636364	0.7000000000000001	0.6363636363636364	0.9322033898305084	random_state	4
LBGM	['ThomasAM_2018a', 'YuJ_2015', 'FengQ_2015', 'YachidaS_2019']	WirbelJ_2018	subspecies	0.8489984591679507	0.8271604938271605	0.6818181818181818	0.6818181818181818	0.6818181818181818	0.8813559322033898	random_state	4
LBGM	['ThomasAM_2018a', 'YuJ_2015', 'FengQ_2015', 'YachidaS_2019']	WirbelJ_2018	subspecies	0.8489984591679507	0.8271604938271605	0.6818181818181818	0.6818181818181818	0.6818181818181818	0.8813559322033898	random_state	4
LBGM	['ThomasAM_2018a', 'YuJ_2015', 'FengQ_2015', 'YachidaS_2019']	WirbelJ_2018	subspecies	0.8489984591679507	0.8271604938271605	0.6818181818181818	0.6818181818181818	0.6818181818181818	0.8813559322033898	random_state	4
LBGM	['ThomasAM_2018a', 'YuJ_2015', 'FengQ_2015', 'ZellerG_2014']	WirbelJ_2018	subspecies	0.8890600924499229	0.8271604938271605	0.7727272727272727	0.7083333333333333	0.7727272727272727	0.847457627118644	random_state	4
LBGM	['ThomasAM_2018a', 'YuJ_2015', 'FengQ_2015', 'ZellerG_2014']	WirbelJ_2018	subspecies	0.8890600924499229	0.8271604938271605	0.7727272727272727	0.7083333333333333	0.7727272727272727	0.847457627118644	random_state	4
LBGM	['ThomasAM_2018a', 'YuJ_2015', 'FengQ_2015', 'ZellerG_2014']	WirbelJ_2018	subspecies	0.8890600924499229	0.8271604938271605	0.7727272727272727	0.7083333333333333	0.7727272727272727	0.847457627118644	random_state	4
LBGM	['ThomasAM_2018a', 'YuJ_2015', 'YachidaS_2019', 'ZellerG_2014']	WirbelJ_2018	subspecies	0.8559322033898306	0.8641975308641975	0.5909090909090909	0.7027027027027029	0.5909090909090909	0.9661016949152542	random_state	4
LBGM	['ThomasAM_2018a', 'YuJ_2015', 'YachidaS_2019', 'ZellerG_2014']	WirbelJ_2018	subspecies	0.8559322033898306	0.8641975308641975	0.5909090909090909	0.7027027027027029	0.5909090909090909	0.9661016949152542	random_state	4
LBGM	['ThomasAM_2018a', 'YuJ_2015', 'YachidaS_2019', 'ZellerG_2014']	WirbelJ_2018	subspecies	0.8559322033898306	0.8641975308641975	0.5909090909090909	0.7027027027027029	0.5909090909090909	0.9661016949152542	random_state	4
LBGM	['ThomasAM_2018a', 'FengQ_2015', 'YachidaS_2019', 'ZellerG_2014']	WirbelJ_2018	subspecies	0.8351309707241911	0.8271604938271605	0.6363636363636364	0.6666666666666666	0.6363636363636364	0.8983050847457628	random_state	4
LBGM	['ThomasAM_2018a', 'FengQ_2015', 'YachidaS_2019', 'ZellerG_2014']	WirbelJ_2018	subspecies	0.8351309707241911	0.8271604938271605	0.6363636363636364	0.6666666666666666	0.6363636363636364	0.8983050847457628	random_state	4
LBGM	['ThomasAM_2018a', 'FengQ_2015', 'YachidaS_2019', 'ZellerG_2014']	WirbelJ_2018	subspecies	0.8351309707241911	0.8271604938271605	0.6363636363636364	0.6666666666666666	0.6363636363636364	0.8983050847457628	random_state	4
LBGM	['YuJ_2015', 'FengQ_2015', 'YachidaS_2019', 'ZellerG_2014']	WirbelJ_2018	subspecies	0.8320493066255779	0.7407407407407407	0.5909090909090909	0.5531914893617023	0.5909090909090909	0.7966101694915254	random_state	4
LBGM	['YuJ_2015', 'FengQ_2015', 'YachidaS_2019', 'ZellerG_2014']	WirbelJ_2018	subspecies	0.8320493066255779	0.7407407407407407	0.5909090909090909	0.5531914893617023	0.5909090909090909	0.7966101694915254	random_state	4
LBGM	['YuJ_2015', 'FengQ_2015', 'YachidaS_2019', 'ZellerG_2014']	WirbelJ_2018	subspecies	0.8320493066255779	0.7407407407407407	0.5909090909090909	0.5531914893617023	0.5909090909090909	0.7966101694915254	random_state	4
LBGM	['VogtmannE_2016', 'ThomasAM_2018a', 'YuJ_2015', 'FengQ_2015', 'YachidaS_2019']	WirbelJ_2018	subspecies	0.8312788906009245	0.8024691358024691	0.5454545454545454	0.6	0.5454545454545454	0.8983050847457628	random_state	5
LBGM	['VogtmannE_2016', 'ThomasAM_2018a', 'YuJ_2015', 'FengQ_2015', 'YachidaS_2019']	WirbelJ_2018	subspecies	0.8312788906009245	0.8024691358024691	0.5454545454545454	0.6	0.5454545454545454	0.8983050847457628	random_state	5
LBGM	['VogtmannE_2016', 'ThomasAM_2018a', 'YuJ_2015', 'FengQ_2015', 'YachidaS_2019']	WirbelJ_2018	subspecies	0.8312788906009245	0.8024691358024691	0.5454545454545454	0.6	0.5454545454545454	0.8983050847457628	random_state	5
LBGM	['VogtmannE_2016', 'ThomasAM_2018a', 'YuJ_2015', 'FengQ_2015', 'ZellerG_2014']	WirbelJ_2018	subspecies	0.8505392912172574	0.7901234567901234	0.6363636363636364	0.6222222222222223	0.6363636363636364	0.847457627118644	random_state	5
LBGM	['VogtmannE_2016', 'ThomasAM_2018a', 'YuJ_2015', 'FengQ_2015', 'ZellerG_2014']	WirbelJ_2018	subspecies	0.8505392912172574	0.7901234567901234	0.6363636363636364	0.6222222222222223	0.6363636363636364	0.847457627118644	random_state	5
LBGM	['VogtmannE_2016', 'ThomasAM_2018a', 'YuJ_2015', 'FengQ_2015', 'ZellerG_2014']	WirbelJ_2018	subspecies	0.8505392912172574	0.7901234567901234	0.6363636363636364	0.6222222222222223	0.6363636363636364	0.847457627118644	random_state	5
LBGM	['VogtmannE_2016', 'ThomasAM_2018a', 'YuJ_2015', 'YachidaS_2019', 'ZellerG_2014']	WirbelJ_2018	subspecies	0.8366718027734977	0.8518518518518519	0.7272727272727273	0.7272727272727273	0.7272727272727273	0.8983050847457628	random_state	5
LBGM	['VogtmannE_2016', 'ThomasAM_2018a', 'YuJ_2015', 'YachidaS_2019', 'ZellerG_2014']	WirbelJ_2018	subspecies	0.8366718027734977	0.8518518518518519	0.7272727272727273	0.7272727272727273	0.7272727272727273	0.8983050847457628	random_state	5
LBGM	['VogtmannE_2016', 'ThomasAM_2018a', 'YuJ_2015', 'YachidaS_2019', 'ZellerG_2014']	WirbelJ_2018	subspecies	0.8366718027734977	0.8518518518518519	0.7272727272727273	0.7272727272727273	0.7272727272727273	0.8983050847457628	random_state	5
LBGM	['VogtmannE_2016', 'ThomasAM_2018a', 'FengQ_2015', 'YachidaS_2019', 'ZellerG_2014']	WirbelJ_2018	subspecies	0.8682588597842835	0.8271604938271605	0.5909090909090909	0.65	0.5909090909090909	0.9152542372881356	random_state	5
LBGM	['VogtmannE_2016', 'ThomasAM_2018a', 'FengQ_2015', 'YachidaS_2019', 'ZellerG_2014']	WirbelJ_2018	subspecies	0.8682588597842835	0.8271604938271605	0.5909090909090909	0.65	0.5909090909090909	0.9152542372881356	random_state	5
LBGM	['VogtmannE_2016', 'ThomasAM_2018a', 'FengQ_2015', 'YachidaS_2019', 'ZellerG_2014']	WirbelJ_2018	subspecies	0.8682588597842835	0.8271604938271605	0.5909090909090909	0.65	0.5909090909090909	0.9152542372881356	random_state	5
LBGM	['VogtmannE_2016', 'YuJ_2015', 'FengQ_2015', 'YachidaS_2019', 'ZellerG_2014']	WirbelJ_2018	subspecies	0.8651771956856702	0.8271604938271605	0.6363636363636364	0.6666666666666666	0.6363636363636364	0.8983050847457628	random_state	5
LBGM	['VogtmannE_2016', 'YuJ_2015', 'FengQ_2015', 'YachidaS_2019', 'ZellerG_2014']	WirbelJ_2018	subspecies	0.8651771956856702	0.8271604938271605	0.6363636363636364	0.6666666666666666	0.6363636363636364	0.8983050847457628	random_state	5
LBGM	['VogtmannE_2016', 'YuJ_2015', 'FengQ_2015', 'YachidaS_2019', 'ZellerG_2014']	WirbelJ_2018	subspecies	0.8651771956856702	0.8271604938271605	0.6363636363636364	0.6666666666666666	0.6363636363636364	0.8983050847457628	random_state	5
LBGM	['ThomasAM_2018a', 'YuJ_2015', 'FengQ_2015', 'YachidaS_2019', 'ZellerG_2014']	WirbelJ_2018	subspecies	0.8597842835130971	0.8395061728395061	0.6363636363636364	0.6829268292682926	0.6363636363636364	0.9152542372881356	random_state	5
LBGM	['ThomasAM_2018a', 'YuJ_2015', 'FengQ_2015', 'YachidaS_2019', 'ZellerG_2014']	WirbelJ_2018	subspecies	0.8597842835130971	0.8395061728395061	0.6363636363636364	0.6829268292682926	0.6363636363636364	0.9152542372881356	random_state	5
LBGM	['ThomasAM_2018a', 'YuJ_2015', 'FengQ_2015', 'YachidaS_2019', 'ZellerG_2014']	WirbelJ_2018	subspecies	0.8597842835130971	0.8395061728395061	0.6363636363636364	0.6829268292682926	0.6363636363636364	0.9152542372881356	random_state	5
LBGM	['VogtmannE_2016', 'ThomasAM_2018a', 'YuJ_2015', 'FengQ_2015', 'YachidaS_2019', 'ZellerG_2014']	WirbelJ_2018	subspecies	0.847457627118644	0.8518518518518519	0.7272727272727273	0.7272727272727273	0.7272727272727273	0.8983050847457628	random_state	6
LBGM	['VogtmannE_2016', 'ThomasAM_2018a', 'YuJ_2015', 'FengQ_2015', 'YachidaS_2019', 'ZellerG_2014']	WirbelJ_2018	subspecies	0.847457627118644	0.8518518518518519	0.7272727272727273	0.7272727272727273	0.7272727272727273	0.8983050847457628	random_state	6
LBGM	['VogtmannE_2016', 'ThomasAM_2018a', 'YuJ_2015', 'FengQ_2015', 'YachidaS_2019', 'ZellerG_2014']	WirbelJ_2018	subspecies	0.847457627118644	0.8518518518518519	0.7272727272727273	0.7272727272727273	0.7272727272727273	0.8983050847457628	random_state	6
